1448168 1396292 1274513 1515292 1134931 1373899
1172740 1086082 1691710 1375723 1495082 1361030
1865743 1097086 1188103 1093992 1716565 1820570
1453543 1586603 1653890 1161147 1457192 1587223
1119729 1224837 1944107 1053868 1903726 1575563
1027001 1071951 1586179 1001981 1257052 1874926
1109063 1699363 1147763 1841812 1174163 1183000
1742839 1154806 1876288 1254675 1560915 1593503
1038277 1894912 1998453 1930361 1220564 1939910
1626007 1469166 1248541 1430127 1388846 1659277
1134596 1848280 1796369 1922724 1730184 1869838
1148106 1068358 1860727 1892564 1834015 1872373
1835091 1494763 1154312 1573758 1862634 1992426
1329437 1056933 1939537 1241937 1866091 1594781
1335528 1241061 1680747 1411833 1879627 1366497
1364753 1554548 1817772 1475210 1879172 1394247
1224862 1212280 1655049 1259530 1392344 1097566
1178340 1674625 1168379 1414745 1432596 1057011
1071647 1042285 1006572 1879765 1753442 1114270
1298631 1996478 1849823 1990592 1247019 1565219
1606827 1024847 1342881 1963792 1532542 1279612
1042760 1105844 1760040 1043174 1683064 1612606
1097906 1066717 1549474 1424032 1512855 1474402
1423419 1757913 1977513 1645072 1339657 1339179
1053121 1544938 1599245 1119377 1046493 1805319
1148362 1711478 1063099 1820900 1313025 1352915
1385274 1741764 1810708 1345295 1526135 1377263
1408398 1512854 1639076 1205342 1584166 1757420
1851167 1804634 1507638 1048924 1165696 1412407
1439113 1930922 1483166 1875365 1600804 1026505
1710498 1879670 1695044 1376264 1910224 1844094
1420044 1739848 1891305 1889157 1817719 1876037
1040223 1884132 1687581 1591166 1292241 1684245
1792877 1423835 1167558 1745170 1791488 1269913
1740936 1128129 1154245 1013639 1142000 1119095
1183964 1947864 1526530 1758075 1960338 1503072
1088963 1958445 1210482 1043630 1942898 1935523
1461153 1223277 1589575 1190201 1683617 1120230
1545453 1775993 1310627 1351250 1209184 1548577
1006690 1455541 1125910 1521595 1407857 1834293
1011552 1061707 1326097 1868040 1331539 1735545
1391525 1019101 1871627 1356958 1256190 1074020
1106999 1796492 1666171 1746309 1691620 1305815
1425298 1618313 1272478 1350018 1550482 1098201
1685857 1295230 1189685 1924866 1825678 1687634
1419022 1528748 1408095 1280290 1410717 1180893
1568246 1465823 1166263 1235698 1065037 1923533
1410367 1433672 1718390 1925679 1268354 1208675
1171353 1903746 1552099 1025840 1972330 1292463
1268305 1772052 1312227 1455174 1394258 1591000
1007902 1095789 1429229 1296779 1037987 1957202
1739040 1665981 1850245 1928226 1392540 1615650
1402391 1405130 1003679 1495463 1807494 1378709
1374231 1140520 1188338 1815726 1147533 1033366
1443228 1766945 1431773 1895780 1815096 1803352
1515881 1687423 1225166 1248355 1023816 1112287
1722955 1048568 1358858 1989968 1849299 1581042
1183851 1183359 1933651 1874336 1188885 1807514
1664129 1297955 1237894 1727314 1025571 1145939
1747930 1469716 1084358 1881971 1511121 1703825
1247984 1927357 1442526 1077781 1417731 1019469
1104317 1075768 1210962 1469810 1989762 1253606
1274709 1463969 1737470 1246244 1097417 1813512
1149407 1076414 1737673 1276009 1159560 1083495
1468864 1961307 1000778 1812020 1542072 1405548
1165937 1538677 1381531 1336275 1793700 1089194
1029602 1335389 1523491 1363118 1218643 1587659
1428680 1036897 1742288 1986390 1129312 1688018
1855000 1510131 1927386 1117783 1337970 1408411
1579745 1955617 1255343 1556988 1298583 1448468
1296078 1730649 1375407 1654768 1753386 1182568
1784932 1033534 1106392 1610819 1577796 1730061
1221317 1463956 1704670 1204862 1188812 1489124
1473275 1241781 1993974 1004906 1192112 1108985
1632992 1712455 1321562 1311792 1050104 1785686
1531101 1260779 1447617 1182226 1656587 1897994
1714093 1081861 1384942 1841361 1702639 1709082
1720892 1805807 1148930 1399254 1261664 1879290
1198658 1538372 1528772 1293511 1524258 1110745
1542832 1536004 1354983 1920240 1585225 1540955
1189756 1285571 1825790 1972618 1292014 1668701
1144537 1452465 1452547 1608075 1431105 1964008
1048576 1835570 1120007 1317239 1314012 1611300
1580363 1370891 1101018 1236965 1500768 1702906
1914984 1895983 1300574 1014771 1405817 1324563
1091301 1669955 1778115 1493634 1182442 1858075
1865902 1855268 1722818 1729349 1757353 1198093
1186709 1411170 1736586 1647918 1562789 1344809
1590034 1880291 1426157 1644703 1037277 1348560
1601497 1610851 1357294 1903547 1213024 1795489
1319848 1635117 1785248 1624875 1620593 1869431
1925651 1638736 1548698 1759906 1634549 1479270
1335537 1750107 1220014 1768662 1375093 1333830
1849830 1872651 1506658 1169760 1463243 1325088
1788704 1506279 1069512 1865996 1851534 1287874
1389471 1095753 1350440 1548690 1323799 1775275
1545782 1810308 1013547 1039090 1234185 1265569
1991222 1655990 1778230 1923098 1848482 1586281
1720506 1793132 1519403 1848962 1456032 1501143
1666559 1283938 1339282 1157678 1161575 1311997
1711674 1221680 1249254 1488204 1533804 1196432
1196189 1954553 1663142 1052205 1952936 1329275
1967088 1527801 1875503 1271380 1201615 1722868
1214082 1212011 1422482 1175223 1247752 1221341
1967142 1646789 1776585 1560532 1935033 1687524
1982199 1121355 1432907 1899694 1680198 1262932
1274128 1347537 1970920 1769048 1051894 1845312
1042353 1253949 1292003 1382898 1211795 1732651
1403572 1058585 1469961 1239767 1077033 1007092
1636578 1182825 1505983 1138398 1612810 1064695
1575293 1720221 1888383 1108688 1532321 1598822
1535340 1348181 1562357 1678327 1061324 1604046
1338895 1120696 1430058 1335139 1058840 1563832
1452042 1720554 1618460 1974791 1961822 1928251
1941956 1104014 1387744 1834546 1834534 1182713
1534069 1570703 1228285 1142299 1728239 1867848
1646562 1015843 1830533 1274311 1868516 1809733
1838354 1720783 1323516 1089044 1154977 1108777
1262132 1737586 1897069 1475331 1838094 1217905
1309291 1969949 1609415 1781162 1603446 1861623
1355929 1523313 1733055 1270773 1946341 1715795
1767970 1896967 1133504 1217772 1365086 1899445
1797333 1820626 1374892 1129933 1308897 1613330
1378713 1348201 1016915 1415926 1038305 1312830
1633943 1353739 1588122 1428235 1797861 1367829
1843280 1697773 1217728 1698435 1623385 1321439
1905806 1551757 1402141 1218788 1539380 1640077
1368762 1943851 1226445 1696861 1352756 1744154
1596627 1265073 1210228 1564666 1232364 1233107
1278405 1367125 1464098 1610210 1871044 1951547
1560625 1186342 1129345 1012723 1765014 1409155
1968918 1380084 1816083 1514052 1616110 1100573
1889844 1118042 1838426 1991543 1339758 1894275
1963077 1537299 1172474 1954656 1781741 1452399
1072088 1860227 1591334 1677689 1364760 1432670
1608363 1506788 1992360 1298724 1398586 1926322
1561144 1649267 1742391 1911858 1094100 1294198
1088886 1339533 1032477 1845197 1631193 1424870
1593498 1544374 1252323 1945428 1256323 1305168
1241976 1904098 1832867 1641845 1922211 1037166
1954569 1258627 1956218 1429276 1924971 1952814
1428097 1787360 1432563 1762020 1116351 1070607
1076633 1674537 1082903 1890099 1117952 1867039
1262477 1268916 1647690 1372906 1140052 1710887
1424375 1045789 1065342 1390811 1166011 1991009
1524193 1417945 1558372 1730653 1987757 1537942
1525267 1147203 1710270 1909605 1131114 1819959
1864647 1950275 1520175 1571491 1391929 1149806
1495287 1182453 1776917 1732877 1034104 1016963
1413038 1327660 1883419 1376412 1007560 1385935
1251091 1328019 1486019 1265579 1931760 1993678
1489936 1549985 1708149 1219539 1584346 1593779
1983717 1655507 1739139 1406703 1130566 1862677
1604076 1697817 1578080 1513298 1951121 1108580
1220508 1220561 1632187 1056168 1883524 1356312
1092429 1982816 1100410 1995477 1511034 1843636
1866226 1907562 1706585 1630166 1990735 1466126
1674594 1968644 1684942 1070225 1456196 1375351
1314542 1599634 1366812 1188872 1462375 1297428
1564982 1799802 1920154 1838913 1779744 1443434
1153992 1825764 1177840 1128747 1975140 1882797
1682837 1170993 1511803 1039114 1230309 1835986
1061855 1506834 1652674 1269199 1829198 1083035
1853654 1361231 1207376 1486078 1358071 1424871
1746017 1761266 1584135 1957801 1712678 1090777
1580263 1932909 1748297 1754931 1881331 1569505
1113510 1067271 1848237 1859192 
0
1806602 1965857 1066717 1537021 1503852 1211706
1045242 1044546 1546021 1798943 1700998 1796779
1116525 1914650 1309220 1631767 1592353 1343355
1841508 1727035 1470985 1574813 1425015 1962410
1019566 1917569 1367406 1428745 1100972 1091639
1318128 1867038 1435331 1128558 1118318 1752318
1024864 1086730 1556906 1966878 1243620 1467919
1430485 1162320 1485388 1909745 1125085 1557053
1259639 1802864 1922469 1778824 1460824 1878172
1017121 1198408 1599530 1793210 1416520 1073064
1330588 1546949 1075965 1950178 1998919 1610721
1830054 1259074 1355155 1089666 1777689 1906667
1432108 1210208 1599887 1719958 1354940 1128878
1076180 1747805 1535073 1222139 1856938 1398198
1309794 1040510 1127638 1881182 1027056 1800296
1360753 1037943 1766119 1568178 1227931 1969067
1853926 1057068 1270068 1220459 1769801 1451560
1820105 1043589 1838774 1243794 1566215 1679794
1476864 1918853 1505518 1999071 1242963 1584118
1033341 1241813 1022531 1665531 1605758 1097640
1788092 1386930 1317754 1243405 1153762 1575685
1785047 1611929 1748782 1376542 1729697 1303418
1200189 1933316 1125546 1928025 1201081 1991304
1210210 1268369 1077444 1177138 1146288 1743820
1534684 1674439 1838651 1246506 1123320 1893887
1843994 1513293 1454517 1312286 1687939 1269454
1933589 1260877 1683539 1193465 1648855 1538941
1034630 1739908 1575356 1936912 1284669 1080445
1368358 1781116 1809850 1211324 1380115 1569938
1486516 1282737 1183065 1748037 1803204 1224654
1066975 1535466 1572968 1433235 1580970 1123062
1901781 1060297 1956832 1350326 1797184 1600545
1062272 1366852 1214471 1640473 1568149 1140585
1797379 1162120 1779275 1669819 1330348 1820821
1940450 1041792 1005041 1443818 1019202 1890505
1837706 1041336 1499822 1703014 1817306 1661100
1182009 1479966 1182508 1499702 1437651 1536046
1171905 1549314 1987830 1037834 1207731 1752184
1148121 1358779 1861811 1161971 1043119 1023108
1194082 1523031 1856809 1976167 1919357 1411035
1517585 1534328 1625613 1240814 1916075 1042833
1223128 1186087 1753834 1079140 1849621 1114706
1821467 1760412 1097288 1527493 1406253 1422590
1460070 1448941 1357523 1234837 1646999 1585652
1886146 1886831 1558860 1380182 1051122 1099296
1693556 1883540 1794669 1904245 1681884 1929840
1144637 1014019 1995557 1177596 1482087 1972884
1277656 1934321 1507323 1210527 1260228 1083405
1492668 1100538 1639080 1230336 1013875 1422412
1480364 1900529 1310414 1209799 1115841 1366625
1190851 1579033 1499884 1669633 1401998 1983837
1085137 1733641 1989913 1103319 1730498 1739448
1412665 1696685 1009111 1292433 1778472 1062469
1773912 1679942 1622498 1203860 1147928 1344787
1060921 1768939 1868033 1784708 1761260 1108617
1055995 1831002 1096162 1312670 1930927 1030080
1849292 1638542 1856603 1326368 1710157 1812093
1620485 1885367 1222886 1600019 1200680 1630141
1557028 1679726 1253260 1038565 1947833 1852747
1660397 1666195 1558548 1317939 1090542 1299019
1403838 1019214 1520926 1897464 1727117 1428846
1326018 1372316 1267663 1157787 1740434 1314801
1212609 1311087 1079503 1203700 1924614 1306112
1031885 1961363 1565702 1317428 1689852 1383522
1701006 1842402 1954892 1123419 1752708 1419059
1543360 1771424 1858156 1126017 1923026 1390876
1984867 1727890 1647703 1709048 1773688 1271606
1527680 1508894 1972652 1829071 1268292 1714255
1962822 1488038 1055251 1753247 1087896 1549729
1113395 1494412 1636527 1282608 1707208 1632692
1462211 1345302 1343971 1260237 1330482 1223740
1164250 1010139 1454994 1368314 1418949 1642039
1906344 1425317 1638298 1109994 1338928 1104445
1392614 1099093 1648244 1005187 1433845 1842880
1676414 1634772 1550359 1252994 1101432 1699189
1407706 1763042 1867270 1028530 1863964 1004582
1299029 1045132 1171153 1761046 1685946 1532850
1982660 1209339 1843589 1958020 1764342 1730285
1997573 1846172 1078172 1117841 1445605 1475602
1616849 1385055 1223491 1107381 1753066 1296985
1660817 1033102 1223763 1345469 1989550 1691441
1824630 1501336 1193021 1458355 1539546 1411106
1962697 1120989 1662135 1599616 1042363 1422965
1842268 1931778 1045419 1470958 1013087 1560391
1526811 1795045 1788469 1933931 1824443 1173050
1343945 1525022 1097618 1328817 1630272 1168172
1700153 1706984 1556973 1013387 1141116 1714874
1427441 1057504 1767821 1013061 1826658 1218690
1541432 1085018 1147345 1299717 1190497 1388827
1215208 1702998 1528531 1839352 1848492 1429336
1607539 1854818 1438471 1210157 1049454 1115786
1121085 1556722 1712028 1308618 1049658 1279923
1621295 1445159 1673973 1751489 1323579 1136133
1400373 1522095 1463766 1903283 1686398 1928059
1096423 1892903 1649116 1608520 1826622 1470040
1612279 1640629 1223275 1058914 1568183 1271819
1082296 1418415 1902538 1312991 1518256 1658910
1654121 1500143 1519666 1175622 1174205 1925453
1459167 1157436 1812135 1462238 1111775 1760443
1288171 1060872 1006002 1565593 1351832 1846845
1744912 1171136 1489968 1256261 1055736 1507708
1113903 1544574 1020827 1852768 1653390 1712352
1494956 1740654 1825733 1953425 1409721 1716516
1916508 1556369 1353592 1651440 1682726 1172102
1878684 1542258 1399978 1704249 1354997 1599274
1437813 1065800 1428989 1493566 1048178 1471377
1796885 1441547 1689558 1457254 1139589 1380965
1366200 1395308 1003947 1638313 1345176 1736640
1704549 1184840 1689259 1837053 1184646 1286489
1147518 1244725 1118176 1969504 1803257 1200696
1232698 1827896 1028472 1053579 1149392 1558377
1140737 1583752 1879385 1923745 1371345 1149329
1592488 1301438 1505379 1107467 1029076 1126235
1009757 1883273 1767945 1089236 1021213 1156666
1456396 1858167 1470274 1677413 1072169 1863063
1717042 1103193 1101143 1896133 1702447 1136224
1280706 1400281 1910070 1091488 1748097 1959585
1053257 1721092 1502932 1389347 1759504 1611265
1194365 1388856 1659461 1035525 1009242 1916398
1812543 1134993 1270891 1047312 1228970 1506213
1032908 1948245 1572283 1410610 1183810 1866606
1450401 1581323 1543939 1490913 1552669 1960535
1327744 1900733 1362272 1833374 1309987 1765186
1099062 1255270 1516107 1215115 1834366 1842181
1152429 1637042 1406579 1550250 1893951 1089512
1821428 1797462 1132803 1829857 1095534 1621919
1291425 1779945 1000451 1816641 1282326 1127834
1602801 1780426 1397459 1691865 1655674 1027149
1126114 1851862 1717206 1194024 1781279 1719492
1999404 1879516 1068272 1054139 1101642 1799062
1626942 1573323 1331456 1707175 1714117 1567365
1108350 1991475 1926796 1840570 1870269 1557320
1247478 1718473 1077174 1568808 1130935 1904573
1845226 1936118 1238003 1084653 1475209 1062522
1309953 1717141 1612855 1167849 1581686 1533776
1894841 1137277 1310074 1547660 1419408 1680885
1915044 1794309 1473574 1741896 1572207 1034426
1682334 1276381 1189184 1322939 1269799 1372640
1722523 1422888 1971782 1992791 1194985 1281330
1777368 1738633 1461683 1198379 1739619 1469651
1885549 1003514 1667196 1826018 1739320 1509502
1115032 1666328 1654652 1855267 1298860 1938785
1550051 1282571 1676131 1128184 1103509 1355146
1372744 1706730 1901984 1587588 1943531 1866414
1179931 1333078 1303254 1700416 1947526 1791920
1688223 1487398 1691195 1816467 1189325 1105208
1307748 1307436 1725070 1419299 1940966 1580107
1939808 1388651 1094470 1958027 1515299 1747166
1329660 1622892 1097937 1151279 1135436 1425398
1707065 1831258 1197422 1101772 1875648 1807133
1412808 1346965 1754122 1630100 1060251 1941506
1267786 1148152 1776893 1970629 1708481 1659848
1655969 1905132 1385095 1655631 1479135 1723133
1250931 1373537 1221731 1899166 1285327 1025139
1018273 1760449 1570731 1234877 1253766 1712572
1524676 1094401 1942732 1211434 1386428 1470100
1285176 1573772 1478575 1726815 1677972 1158856
1705304 1912131 1962301 1150159 1457751 1588829
1974946 1172345 1248567 1091159 1799578 1911443
1422895 1062444 1274845 1928869 1356341 1465806
1386716 1104647 1098153 1004187 1043655 1736834
1569042 1980668 1457689 1793566 1673965 1144703
1890436 1618051 1993017 1287178 1241422 1831970
1038372 1083372 1926877 1897908 1840122 1358937
1139816 1172507 1823024 1773338 1763246 1890705
1834077 1243842 1715624 1943275 1250517 1916207
1430833 1644717 1191539 1172565 
0
1573702 1484094 1127837 1312869 1979260 1531246
1371177 1467921 1174696 1876025 1471708 1366216
1119273 1037353 1671692 1630700 1668538 1582013
1483928 1087384 1184760 1098184 1103801 1337978
1485219 1163701 1171801 1521733 1909807 1873820
1660729 1162342 1585457 1578929 1179312 1209321
1145595 1554167 1006352 1572185 1122958 1708747
1487967 1237799 1976777 1471155 1733115 1713486
1336293 1507176 1098544 1546220 1133954 1154067
1213859 1134264 1906053 1525661 1373109 1915001
1562367 1285033 1609255 1278863 1743187 1380718
1254643 1331015 1766094 1999528 1063205 1617511
1122047 1042441 1736843 1976540 1043714 1539428
1310285 1883239 1972591 1255299 1218884 1958074
1504789 1019018 1044645 1647902 1883514 1803906
1417564 1613098 1547201 1395890 1278679 1035496
1833884 1709773 1163299 1576926 1891682 1030233
1568686 1406676 1649633 1896435 1306019 1213416
1792801 1787597 1730639 1187310 1897893 1895548
1603650 1393388 1322563 1274549 1865805 1648483
1609464 1067279 1961661 1998082 1027885 1947863
1969452 1291630 1751182 1548604 1588833 1163350
1616017 1613881 1774422 1047942 1723662 1998043
1679548 1512463 1163261 1855598 1985611 1027350
1408400 1687939 1546699 1763170 1060412 1729745
1441361 1074231 1408359 1457091 1707043 1752280
1784325 1029986 1594658 1809286 1499607 1205938
1035425 1444370 1381771 1571849 1821467 1137301
1499671 1130774 1501309 1797223 1640341 1325297
1271396 1756220 1403072 1013531 1263839 1537833
1178225 1476480 1257187 1303830 1705563 1480486
1312369 1697343 1784687 1332066 1324439 1273563
1149108 1151900 1542976 1486612 1922859 1222674
1034027 1622665 1026558 1746934 1019948 1958759
1622190 1538178 1991791 1823104 1446404 1342181
1672346 1133034 1898132 1593932 1250307 1451493
1624722 1966434 1659775 1571971 1549171 1665215
1937319 1406254 1318113 1300616 1711658 1048254
1847436 1472298 1817705 1817280 1320880 1912237
1786187 1420121 1059418 1233720 1176011 1072925
1775212 1456489 1229196 1360355 1586031 1979658
1303860 1958835 1441398 1347444 1178843 1720071
1171005 1451937 1860195 1393396 1762366 1408938
1107300 1745617 1083396 1966406 1289387 1380890
1735199 1557128 1263533 1552515 1904030 1171254
1785798 1325786 1489985 1718142 1695681 1910262
1502573 1202721 1458434 1140175 1890280 1695515
1772894 1056609 1034452 1622461 1985923 1567095
1845745 1152428 1103773 1599164 1532198 1633400
1235799 1122690 1977264 1365955 1360791 1189076
1532311 1723885 1482779 1226016 1796396 1329356
1862333 1264681 1532584 1469177 1902979 1535159
1949333 1358983 1979252 1388585 1044576 1973733
1888840 1969078 1069410 1882755 1286972 1581015
1711311 1594667 1326810 1938348 1871253 1560808
1998849 1749644 1035076 1172488 1631067 1594077
1234291 1342675 1291503 1094379 1700116 1021780
1226451 1285030 1466419 1638635 1993927 1215582
1501358 1854960 1693434 1922615 1057945 1374600
1383987 1400654 1893177 1396005 1151314 1741632
1025834 1103326 1828475 1723065 1601847 1371911
1904954 1817159 1726978 1928980 1674213 1337785
1161352 1872297 1250956 1179283 1749030 1559162
1980690 1216225 1609721 1353852 1093781 1638440
1702894 1025453 1897089 1079283 1694641 1196186
1327631 1438301 1834053 1695405 1317635 1288982
1800827 1496730 1912478 1496664 1703887 1600520
1120286 1486447 1333884 1867280 1976643 1660842
1442011 1206976 1079821 1439620 1864718 1290505
1517273 1293841 1860194 1415981 1036358 1900913
1249517 1352177 1301279 1686183 1216791 1640088
1670373 1495391 1090298 1287860 1900266 1572598
1988952 1522437 1723377 1881651 1339746 1016158
1652878 1080439 1657690 1720146 1777366 1586014
1398470 1573858 1253148 1802347 1410071 1416860
1981191 1965267 1345407 1428966 1520941 1511261
1523614 1424115 1485847 1233863 1058359 1121084
1835721 1820986 1661382 1912138 1043945 1265909
1620302 1881694 1469699 1391884 1675579 1637106
1269438 1768504 1103365 1503545 1370785 1247895
1721842 1114551 1785929 1900367 1973080 1174110
1531139 1031100 1284580 1844528 1175838 1039898
1846830 1320460 1326483 1700040 1314953 1234414
1333544 1818882 1718639 1203880 1021139 1772269
1887868 1628577 1176586 1964254 1784307 1865307
1265923 1701658 1708827 1112250 1746018 1057139
1591700 1444982 1583907 1109004 1566534 1965861
1634318 1704529 1708519 1048479 1235687 1619680
1916422 1008999 1368712 1416886 1572490 1674790
1714293 1645497 1729478 1036805 1106995 1820844
1026139 1436178 1806032 1069929 1377549 1688212
1382285 1154813 1250255 1848291 1302821 1868800
1635319 1337740 1525978 1479296 1399631 1083867
1441053 1463267 1691344 1971204 1791270 1393993
1134626 1185516 1252453 1125426 1039162 1260129
1021737 1158580 1238156 1078318 1057057 1770582
1490225 1467590 1598510 1599350 1652775 1934031
1284187 1731215 1581012 1873611 1245235 1495160
1013509 1120408 1739563 1230231 1977260 1736620
1064592 1944065 1022836 1146981 1755287 1033895
1644145 1710811 1711560 1651229 1801569 1017538
1749775 1522646 1706157 1770131 1045242 1542306
1032193 1317864 1364677 1320247 1342133 1176284
1080991 1177496 1778263 1265127 1374968 1092494
1902340 1957906 1846913 1400499 1311335 1511211
1613875 1504183 1665564 1197180 1807343 1054325
1914902 1922043 1653607 1923369 1368385 1506746
1067295 1044849 1056409 1224566 1562537 1631850
1096708 1344309 1509911 1685170 1649689 1051693
1483122 1313620 1515124 1212338 1252028 1832357
1816613 1570013 1110223 1521629 1374013 1580129
1407191 1529099 1642705 1179198 1018709 1856842
1287500 1628499 1987843 1681992 1359570 1516528
1697617 1169708 1376117 1810259 1689339 1903053
1246459 1511861 1951036 1633835 1133605 1959355
1469625 1474390 1725370 1977748 1751861 1881896
1537851 1456342 1050612 1812135 1982016 1875548
1902839 1459776 1506728 1988824 1951436 1408586
1307106 1433672 1118150 1471001 1956870 1363495
1981462 1474468 1921876 1255716 1428850 1296638
1549647 1768231 1232125 1807070 1419868 1550682
1280449 1749704 1030359 1351126 1976628 1865997
1763521 1937478 1266940 1127761 1909533 1623851
1947248 1552234 1729355 1352006 1734180 1464161
1069797 1734549 1480238 1737228 1576264 1761200
1430623 1829427 1242991 1864544 1048080 1585200
1394890 1040687 1305751 1444423 1669962 1688862
1584906 1099880 1365003 1138985 1053611 1019319
1625010 1281580 1378489 1525151 1910930 1766436
1568138 1804427 1406493 1335041 1182371 1752721
1631443 1317913 1757138 1173042 1121423 1002062
1365611 1563605 1813838 1156431 1003597 1810159
1992853 1071517 1246992 1953583 1889083 1729523
1505425 1073045 1477757 1675054 1633402 1098532
1935824 1875890 1492294 1787351 1991183 1562719
1995055 1114306 1979712 1507052 1689033 1882384
1965562 1863503 1038197 1219006 1239902 1321061
1719369 1046027 1237647 1434178 1760914 1916197
1772120 1270691 1342564 1138820 1570679 1858866
1993138 1293494 1662915 1114665 1737087 1873804
1085294 1469625 1020890 1870483 1190643 1344874
1521591 1041402 1987873 1981602 1145714 1049310
1738243 1684257 1101431 1914164 1132005 1367214
1148570 1556166 1394378 1240155 1533640 1447309
1046169 1328400 1993344 1170703 1501122 1880541
1169462 1958914 1735189 1322326 1354008 1155160
1606072 1997877 1091634 1773360 1759595 1085955
1393407 1407154 1799469 1978252 1358690 1532875
1810076 1443328 1225910 1665176 1733949 1590285
1000089 1709712 1654781 1757392 1310031 1382281
1743659 1617391 1153496 1768325 1300921 1811944
1445622 1421747 1427073 1284727 1203935 1310837
1651438 1096633 1942204 1244730 1246523 1010139
1434155 1609427 1789900 1243753 1206660 1815791
1831234 1263807 1856380 1047356 1488866 1254084
1780861 1399671 1490207 1878151 1646195 1334915
1292454 1266856 1730026 1362781 1755766 1174580
1212095 1064122 1134497 1710049 1567756 1861691
1151360 1253572 1439517 1736806 1269783 1380510
1874576 1161137 1430284 1366733 1933228 1454941
1407168 1218936 1465147 1265024 1511843 1981626
1356418 1455676 1872505 1086042 1895934 1578915
1932751 1084210 1468827 1629538 1154441 1903069
1410190 1681450 1653495 1145872 1465764 1271819
1515734 1474663 1569478 1918777 1763382 1430690
1957232 1185448 1891525 1901406 1919664 1350742
1445748 1651013 1608976 1239889 
0
1942699 1283245 1212258 1658254 1652980 1927662
1743162 1267977 1507702 1194250 1476115 1390897
1059194 1892664 1280262 1911811 1900437 1256497
1758545 1052331 1525280 1966951 1017206 1546263
1952520 1817941 1894487 1737795 1091309 1389093
1647554 1225430 1181390 1579024 1497900 1803439
1224992 1119337 1726840 1335127 1133053 1762358
1718730 1423325 1619833 1102542 1927341 1029162
1997918 1809464 1581579 1078411 1728738 1051437
1406116 1012902 1924659 1028120 1900753 1101172
1943015 1909130 1330156 1714669 1324350 1180252
1857988 1937912 1772254 1505367 1907989 1324153
1467713 1150655 1015673 1509192 1697907 1013185
1862680 1907767 1084857 1567651 1379574 1787524
1321800 1981331 1374768 1962703 1740150 1676581
1177946 1814300 1574029 1322988 1660982 1780732
1024310 1312049 1371544 1885606 1629754 1175179
1493485 1769293 1072343 1811820 1544711 1344341
1618058 1908323 1000533 1322897 1715125 1165593
1131306 1383856 1351922 1025684 1741176 1314759
1052544 1264741 1492839 1454291 1620205 1492741
1426151 1552862 1727509 1148241 1567932 1520640
1770178 1897118 1225522 1994450 1534062 1478367
1991620 1867599 1079253 1003647 1679092 1904078
1030592 1096439 1259817 1521454 1758729 1977058
1275588 1974682 1920841 1639581 1089826 1107098
1965015 1643444 1125477 1447696 1483194 1565185
1916597 1673264 1041270 1562174 1808282 1065578
1744712 1703746 1915925 1824780 1420254 1609358
1920665 1587786 1533112 1668272 1194550 1791690
1108690 1404478 1645125 1715809 1490082 1009775
1699621 1092075 1575616 1434228 1527977 1651011
1935588 1627559 1188693 1558774 1525321 1784304
1369322 1951192 1744050 1931158 1286318 1377203
1218405 1920158 1557461 1791677 1114018 1960234
1978409 1074724 1432026 1982011 1365724 1729011
1355148 1335964 1036525 1872049 1525901 1848500
1222096 1549112 1303611 1477065 1926605 1185526
1406443 1317369 1023865 1954005 1769423 1124980
1555971 1402065 1959756 1549863 1084615 1135910
1839001 1159212 1458128 1139866 1389896 1772306
1354283 1264479 1409576 1478891 1648784 1371743
1719296 1721551 1055162 1702173 1320522 1398257
1226074 1719648 1631217 1719211 1991926 1264618
1509933 1414901 1536809 1128890 1187014 1602381
1043519 1179014 1496147 1575394 1157730 1562188
1790793 1244993 1982169 1144236 1556592 1457896
1215258 1911529 1673578 1763688 1141074 1328607
1132441 1609080 1038570 1502353 1434126 1622236
1035561 1470133 1990344 1621923 1813434 1556870
1756462 1853606 1503557 1365546 1208114 1142973
1172658 1584222 1191413 1869564 1866065 1856166
1379033 1047375 1632229 1066714 1542244 1460971
1960703 1026179 1291139 1396525 1053764 1744354
1003551 1520389 1243466 1467168 1942202 1675578
1636284 1322074 1928444 1065042 1369426 1786249
1888339 1910689 1195813 1919826 1164464 1586143
1440354 1443001 1933674 1648456 1874208 1660191
1876697 1887147 1978439 1845514 1577234 1604200
1260688 1189415 1931772 1415315 1645751 1181404
1093574 1877145 1124388 1213240 1248529 1565937
1056654 1372716 1519179 1672382 1080464 1714865
1551858 1135637 1163170 1126834 1491026 1409296
1745099 1154568 1340875 1204998 1892588 1927232
1757890 1193957 1224232 1446699 1220539 1254669
1928251 1488558 1621714 1995068 1162402 1346579
1072685 1699641 1805153 1668711 1845183 1322858
1014404 1687267 1005501 1991959 1961495 1680726
1111775 1568075 1350505 1772108 1941465 1591850
1419515 1905066 1193785 1020046 1885516 1685457
1758461 1423177 1725396 1905630 1926651 1974966
1315098 1925507 1328735 1894158 1564252 1768681
1831350 1456386 1882361 1035120 1748458 1189852
1877062 1118049 1897227 1936782 1379831 1547251
1586084 1654321 1370105 1046605 1274084 1197845
1784010 1472928 1184058 1638849 1588713 1506748
1519370 1663477 1542845 1638902 1513726 1294630
1308958 1010896 1120136 1736019 1375789 1856271
1192109 1873179 1406465 1674495 1621111 1612810
1036978 1850517 1608731 1829520 1075062 1851774
1346555 1537802 1355539 1121394 1014625 1602035
1119348 1536583 1354691 1231234 1850081 1271085
1346813 1983063 1893416 1211360 1980128 1986820
1618907 1653569 1825879 1384035 1028936 1430205
1049715 1486789 1253299 1392053 1879671 1517308
1136700 1821326 1285526 1921926 1383340 1052824
1097061 1743708 1354110 1996908 1639241 1115157
1672548 1990055 1519590 1092316 1715555 1026288
1729213 1487182 1240781 1713830 1872236 1940904
1328708 1746876 1125019 1395427 1810648 1892020
1706904 1188440 1575685 1726045 1278390 1775431
1909555 1069092 1848253 1687689 1372497 1997711
1779227 1534585 1751324 1641861 1409597 1492022
1471390 1607531 1474275 1380219 1442279 1977967
1484381 1985441 1270811 1845160 1445451 1145903
1349960 1046644 1392463 1296744 1678368 1907977
1993435 1516519 1622333 1632683 1611025 1968488
1444557 1357201 1284352 1550997 1244961 1805264
1552409 1574440 1905003 1568154 1260598 1347618
1144623 1126150 1600687 1244308 1195349 1059027
1385919 1969184 1842016 1654821 1931985 1148357
1993822 1125607 1822062 1006245 1159734 1238589
1984673 1556170 1104606 1577788 1037340 1901674
1883987 1670896 1257817 1277775 1051124 1153935
1368434 1427378 1679582 1238466 1834514 1034973
1452654 1330047 1475836 1090029 1455682 1973919
1290447 1758732 1818675 1100444 1439996 1593119
1498897 1118354 1024190 1459442 1366242 1701759
1847717 1462090 1444454 1341839 1129710 1763925
1439268 1558069 1296518 1014193 1277341 1307708
1029942 1566707 1727088 1585707 1321304 1524629
1087802 1026721 1891156 1210083 1222106 1133185
1683638 1733773 1961310 1543091 1658807 1732551
1003506 1856451 1932456 1860514 1958312 1485239
1706642 1186870 1041566 1363511 1133866 1961711
1760058 1870231 1621408 1482337 1346258 1393337
1246066 1625115 1879083 1961433 1199520 1720995
1082767 1869271 1308299 1817686 1263698 1226504
1635871 1431175 1741186 1555676 1584262 1754998
1190528 1480262 1483117 1088078 1503449 1537287
1902864 1273023 1608849 1543102 1588167 1776857
1705434 1314180 1108504 1709581 1861763 1971828
1376327 1176203 1054280 1568349 1565790 1728421
1512364 1603432 1485339 1997034 1808271 1939549
1216175 1043636 1704564 1561889 1125889 1709402
1634135 1268304 1237653 1560313 1817455 1575851
1071417 1067746 1552801 1033870 1253078 1825723
1542263 1566002 1649354 1003929 1937731 1069901
1771006 1064173 1242300 1431241 1742218 1640149
1827695 1424508 1629711 1740513 1607621 1329159
1628493 1486839 1544601 1173954 1973122 1946603
1677813 1480981 1645790 1842045 1129007 1699075
1021976 1611943 1075156 1260494 1184088 1191751
1073205 1996041 1199147 1933641 1580488 1412853
1958960 1526630 1069857 1627959 1389089 1638057
1528107 1234099 1464532 1363202 1351007 1490879
1224778 1641759 1541239 1198203 1325928 1641655
1934346 1377077 1877664 1886146 1617382 1033392
1196720 1672382 1694194 1251201 1616314 1424859
1284099 1420755 1215864 1505847 1607458 1422247
1228083 1588927 1988372 1833848 1080526 1081113
1648813 1850899 1610266 1978600 1593263 1586618
1660995 1015816 1326514 1151272 1024670 1286237
1595652 1454318 1890989 1135153 1564140 1179698
1073277 1233718 1353533 1526930 1968420 1316837
1093581 1711925 1092730 1508578 1543103 1267450
1692908 1235870 1475282 1231055 1649073 1229294
1738565 1563465 1380012 1118296 1763082 1827555
1811557 1911666 1293873 1811093 1949800 1998933
1435656 1346780 1480776 1897265 1242291 1445528
1605540 1134556 1976249 1712794 1967980 1527149
1480133 1980803 1075978 1709887 1887261 1978360
1966395 1702389 1527038 1472758 1511549 1258138
1251969 1953672 1172871 1491116 1866560 1379611
1484441 1119772 1516096 1351049 1704539 1417934
1517478 1007006 1267132 1785017 1650675 1372910
1837356 1294342 1294102 1315508 1919958 1180207
1111461 1175632 1601878 1950652 1739395 1548361
1600954 1670735 1887256 1789699 1539129 1116612
1911780 1310037 1811205 1037024 1347311 1260139
1735606 1473152 1677558 1290210 1276049 1939977
1755804 1772499 1407182 1856092 1248172 1624069
1150045 1404484 1404908 1586195 1924076 1950385
1883888 1651824 1793644 1594240 1948704 1631503
1337881 1654034 1418250 1796180 1567174 1365667
1698083 1609111 1927201 1452179 1271775 1530222
1764533 1877237 1117897 1338984 
0
1501251 1865247 1443620 1152276 1377948 1974440
1948468 1745569 1064159 1967606 1265647 1760408
1245346 1082623 1311440 1509832 1652930 1442101
1067498 1412767 1243210 1720232 1217431 1990842
1870077 1687411 1078302 1137279 1571964 1885531
1984363 1515573 1468690 1091005 1978532 1266585
1457897 1207413 1368970 1405848 1382095 1354541
1790326 1143271 1715433 1210323 1497186 1850518
1319141 1121944 1897428 1143536 1491733 1669458
1976742 1165122 1200503 1477747 1839970 1597919
1749292 1131677 1864427 1722112 1626323 1507223
1620262 1918726 1106695 1073490 1108348 1370182
1822228 1894200 1524903 1340011 1419180 1357454
1526562 1139194 1059015 1767218 1013599 1811076
1500979 1591381 1353636 1883908 1536221 1231022
1861473 1419842 1302351 1343171 1418508 1670208
1109204 1482053 1731897 1532202 1158921 1058777
1930931 1795750 1820296 1773089 1245819 1969456
1893392 1700954 1883865 1667242 1735389 1112850
1876548 1974902 1417485 1189446 1771860 1045047
1323748 1770032 1798396 1637350 1711038 1111117
1504199 1434990 1446379 1333165 1622529 1733498
1269278 1853820 1020100 1210068 1442329 1455714
1241615 1004269 1730380 1516635 1004246 1223942
1792757 1756897 1413768 1270914 1067157 1774063
1359493 1086203 1544612 1539908 1129209 1557659
1831358 1145609 1695730 1939243 1002381 1470441
1677141 1361370 1852630 1695690 1232849 1070672
1939530 1404833 1791781 1732899 1281664 1034728
1104742 1350783 1472648 1872872 1282923 1302026
1899583 1321579 1537559 1378190 1598254 1345586
1715782 1828649 1727204 1537365 1570925 1684789
1374731 1498607 1921743 1895156 1550224 1679639
1874593 1911698 1651350 1353631 1261905 1901876
1191582 1737231 1405835 1184420 1885483 1060298
1824076 1603589 1563071 1636711 1174302 1045721
1090261 1609550 1706308 1203000 1079973 1651203
1598993 1607250 1945523 1532824 1948711 1452881
1059955 1239462 1372326 1740737 1671927 1314861
1812118 1783538 1855184 1717357 1138022 1814633
1620884 1451075 1930880 1403621 1504888 1400580
1911941 1082656 1581086 1010027 1705555 1066078
1184081 1422970 1085552 1296576 1442881 1992358
1572695 1732746 1666518 1869421 1307378 1660770
1933010 1733415 1938486 1857987 1216196 1681585
1736930 1081718 1916236 1059278 1137139 1545410
1596989 1140679 1364560 1096017 1841480 1625065
1955811 1524778 1955954 1763972 1420997 1805069
1630613 1551852 1909877 1642488 1590283 1596058
1026359 1329101 1321182 1873121 1384956 1908091
1208551 1359375 1601251 1531536 1430506 1365687
1107291 1000796 1683690 1211424 1471490 1491973
1181329 1447878 1177743 1088996 1946984 1345129
1482742 1850812 1624829 1075162 1694143 1917970
1140725 1796338 1362401 1583687 1616781 1866706
1929461 1913640 1224380 1303861 1855358 1635439
1575880 1497709 1049367 1432955 1224905 1703185
1411071 1406396 1817663 1577199 1078469 1572452
1791383 1790125 1905373 1964797 1236123 1664226
1605022 1557476 1685662 1394641 1858643 1445262
1636448 1918507 1687642 1345625 1408386 1711669
1139913 1579538 1623467 1166654 1998580 1902454
1020280 1908280 1657419 1443678 1242884 1050512
1273574 1635386 1344410 1977443 1359719 1956895
1746672 1695641 1058943 1195916 1122850 1213152
1454440 1810479 1753491 1980342 1388910 1155169
1074600 1199613 1127728 1038475 1333492 1245789
1074840 1350669 1250357 1765010 1291497 1392438
1933038 1036755 1872252 1799593 1822801 1319817
1039666 1851386 1798393 1514980 1885040 1489480
1913450 1004423 1702679 1712846 1016057 1904435
1886998 1272937 1604759 1041130 1122703 1631616
1085218 1356651 1634372 1906482 1361320 1496218
1073599 1893227 1878978 1936750 1474465 1927367
1843478 1281805 1403614 1017129 1812540 1997343
1440961 1517949 1759610 1398754 1581101 1557157
1622846 1997207 1180790 1738157 1180688 1068195
1473237 1998295 1657456 1585035 1748876 1815200
1646084 1310790 1689465 1751188 1131995 1481439
1957428 1631423 1144403 1783995 1757712 1695213
1258643 1177391 1865644 1926701 1104102 1688599
1423820 1503437 1086264 1535673 1992604 1707929
1318447 1418114 1257845 1217819 1183292 1656990
1958645 1563516 1700994 1564588 1028964 1618707
1468125 1375572 1196030 1352608 1081193 1099411
1377315 1275657 1198644 1395874 1602272 1375035
1871715 1459018 1888906 1823553 1860791 1214211
1952568 1984030 1571010 1930655 1592981 1111759
1255007 1336115 1361103 1131505 1218086 1337915
1987417 1167773 1098784 1351114 1125539 1896838
1009822 1765160 1567867 1930727 1966857 1034385
1772147 1766049 1810938 1789534 1260863 1223210
1600189 1550805 1906599 1418906 1524162 1140345
1358984 1402571 1753943 1995537 1710701 1950554
1373001 1026227 1386288 1297621 1738448 1836549
1905258 1446565 1109556 1733220 1436775 1972245
1801714 1631007 1248600 1556602 1033324 1737245
1748016 1898000 1801731 1643768 1415106 1056227
1475568 1006054 1725723 1781378 1338171 1851046
1247015 1685930 1430631 1211429 1014175 1847644
1902307 1117414 1195322 1316403 1527514 1110340
1518226 1156842 1811206 1252722 1137343 1955213
1204307 1242338 1845438 1475022 1927362 1842510
1141083 1779909 1319356 1151863 1053671 1547218
1089856 1963739 1154109 1882116 1293618 1338053
1956853 1795040 1749547 1178538 1103222 1492602
1346330 1133389 1629581 1691385 1196636 1553604
1094119 1906555 1269694 1225125 1693902 1160198
1157255 1683781 1993719 1885460 1657799 1116547
1153242 1434036 1544712 1001895 1166490 1444737
1573506 1599594 1911943 1110925 1114108 1734029
1657391 1215704 1322743 1699781 1662496 1788673
1139880 1463991 1014171 1251191 1196166 1974284
1745051 1892400 1503650 1209912 1081122 1205605
1363260 1861517 1476578 1473734 1401690 1064183
1502106 1436314 1016693 1273407 1314969 1342598
1899395 1036993 1465856 1011371 1548014 1535767
1131874 1920352 1829776 1893464 1263182 1500465
1350190 1349253 1341992 1778156 1359977 1543618
1956009 1736950 1918192 1314775 1270449 1971545
1771776 1216155 1756189 1554096 1478940 1272630
1702455 1972897 1729255 1876314 1134257 1230295
1100850 1484045 1080603 1594640 1793421 1100175
1681969 1798164 1143525 1045594 1281840 1178519
1347810 1296171 1078996 1327931 1041846 1865572
1248303 1019009 1174010 1498022 1470531 1231818
1984484 1425800 1908131 1686985 1251070 1047998
1334376 1904068 1398122 1411884 1610258 1933153
1832082 1796825 1511968 1056093 1345586 1685373
1180082 1566012 1651972 1571051 1888710 1549393
1193726 1881035 1774438 1515965 1075017 1798701
1842415 1838897 1399404 1647871 1886534 1913423
1022887 1586489 1908126 1177618 1427114 1487561
1931709 1168745 1468653 1180002 1814183 1843229
1646641 1362641 1584277 1784310 1636779 1730592
1272124 1443160 1147408 1675632 1836356 1090880
1436315 1586805 1519662 1442152 1081216 1107820
1637218 1626758 1384279 1963386 1940026 1744690
1574655 1698265 1225571 1795735 1702043 1286517
1191764 1876378 1372719 1577379 1958878 1685689
1192537 1116955 1022526 1130445 1033897 1499616
1266789 1822714 1598994 1325680 1316329 1092134
1053958 1265803 1656363 1551134 1845240 1899107
1648576 1761842 1899632 1051689 1716042 1582699
1501427 1702594 1551292 1460868 1198305 1637585
1317339 1396572 1390586 1723204 1104074 1658888
1902048 1335793 1576413 1912704 1760433 1254765
1338114 1852693 1441475 1569833 1840213 1427892
1599580 1895239 1451330 1506606 1317858 1067454
1232919 1270031 1092798 1318177 1676024 1476385
1138627 1121486 1386140 1750625 1051734 1858982
1820125 1360503 1015254 1402088 1421035 1345667
1542215 1008583 1295544 1320313 1317212 1388899
1312769 1866508 1466491 1411018 1727492 1178763
1747893 1563987 1285868 1967426 1692426 1792418
1469163 1616338 1648357 1921852 1341710 1654857
1632624 1205013 1602821 1270336 1142116 1089542
1733791 1102817 1232288 1150648 1404114 1004039
1916727 1683890 1330260 1394375 1756420 1716883
1461180 1923523 1192612 1451539 1169556 1689474
1813835 1956495 1950258 1610346 1796218 1014594
1703768 1401311 1675827 1730807 1841216 1232377
1405051 1458705 1630779 1490449 1444418 1836586
1106917 1915702 1085892 1169570 1827799 1158424
1868408 1732514 1655786 1778919 1304968 1673851
1598578 1001535 1834240 1799250 1944609 1648251
1048560 1249693 1457725 1765065 
0
1940896 1917956 1537401 1208417 1679075 1573438
1475280 1012030 1295592 1922679 1051799 1858040
1156862 1769132 1851214 1881705 1812737 1861421
1450599 1045541 1989124 1767094 1627248 1928210
1225452 1582119 1241443 1697434 1736762 1420833
1881979 1300338 1171602 1657754 1779319 1319202
1280526 1676732 1435951 1682875 1662542 1525370
1405545 1830407 1535021 1790517 1946090 1222515
1790208 1889010 1998210 1703104 1698771 1987360
1780619 1043830 1698125 1655560 1026075 1497832
1871157 1838762 1898764 1912424 1765833 1447824
1277882 1044293 1702218 1758031 1296708 1550532
1792119 1799726 1393834 1333740 1966794 1358574
1691101 1660677 1436790 1646649 1523827 1176407
1045061 1565085 1302857 1505609 1763606 1888269
1027154 1754074 1124872 1871861 1776784 1228139
1191337 1561349 1450517 1164423 1173637 1402854
1078343 1764508 1566850 1394447 1601229 1178739
1611492 1338331 1867644 1255003 1261934 1069138
1739980 1437626 1077806 1234890 1538176 1935040
1034518 1109254 1165386 1327884 1366245 1882045
1962473 1388264 1784580 1429842 1594527 1332299
1220872 1945504 1905118 1477946 1895799 1560123
1878179 1483130 1994436 1777247 1996975 1071795
1335541 1129125 1904707 1027270 1503098 1776817
1654177 1263876 1054846 1153791 1412572 1751778
1185637 1921461 1423564 1977239 1844965 1784786
1827136 1934085 1167304 1074545 1623343 1570601
1201622 1889906 1715033 1283826 1971942 1519286
1218859 1514843 1270915 1596678 1725334 1383325
1874734 1727304 1604376 1389107 1455580 1292657
1963624 1714927 1313711 1064667 1758394 1621352
1007983 1863568 1733031 1120561 1304937 1360368
1990250 1837383 1730177 1154345 1739216 1897356
1903510 1600704 1123884 1252916 1049333 1005241
1381473 1079405 1494046 1733032 1463208 1775833
1532404 1345926 1603544 1664466 1583794 1740119
1634727 1622372 1437403 1245796 1672994 1518782
1277203 1144283 1858353 1956681 1192952 1198397
1811838 1909198 1164600 1748598 1840718 1749723
1884546 1606752 1402780 1139150 1119809 1505247
1762831 1124539 1233897 1921717 1903869 1675213
1494755 1266874 1554851 1932836 1103510 1777168
1828576 1643057 1240230 1797894 1726933 1288520
1330203 1430079 1345039 1812514 1817006 1750038
1014846 1557468 1799168 1088650 1685448 1170359
1612661 1578674 1671941 1620294 1962053 1970170
1860869 1092618 1951175 1424680 1960765 1812179
1499195 1681418 1456428 1118669 1318144 1002712
1568754 1630414 1290108 1354187 1227084 1535474
1357836 1008007 1374010 1218876 1635185 1339764
1369826 1035196 1586506 1378589 1153213 1556981
1277176 1877743 1494507 1127364 1842658 1134652
1962113 1584204 1236662 1188274 1952557 1060271
1137365 1535345 1029285 1348299 1245405 1192394
1264018 1087983 1733064 1228785 1652086 1535466
1666582 1797903 1662993 1561097 1375369 1425923
1066111 1847485 1452618 1209252 1115177 1610156
1974174 1188237 1585564 1833392 1225383 1721378
1569630 1162764 1409157 1516924 1272767 1153439
1549558 1476648 1729982 1799671 1468452 1105360
1315165 1887308 1262766 1859889 1559933 1514686
1920970 1699738 1908308 1497090 1589511 1206046
1816565 1045598 1299419 1535326 1828318 1901318
1611094 1548179 1597252 1460741 1395927 1250185
1156404 1973604 1534979 1360745 1305250 1774618
1458485 1310897 1246800 1207013 1733480 1613477
1452972 1157958 1633624 1510393 1788996 1369574
1807789 1506399 1396489 1507624 1227442 1567783
1781353 1748287 1083307 1874136 1265510 1586624
1631109 1439499 1893383 1767165 1520893 1975240
1361301 1204415 1298812 1314123 1035083 1669990
1278222 1430877 1732919 1330726 1934363 1793035
1584685 1191056 1920037 1872964 1215898 1677386
1082587 1900650 1303636 1005953 1834272 1862458
1677243 1573821 1411853 1184268 1708487 1567612
1435062 1078306 1896952 1700858 1313797 1687707
1391810 1116933 1431019 1840239 1287832 1347139
1530753 1465308 1208612 1126575 1031411 1996152
1187045 1714501 1510432 1240180 1134711 1997796
1916297 1500993 1740623 1777346 1075721 1749430
1620145 1455708 1537317 1923085 1534141 1333067
1644114 1204129 1825640 1587772 1435671 1252113
1653986 1900953 1033438 1064352 1582774 1169354
1195174 1625041 1515168 1959194 1682005 1052120
1862892 1786307 1567444 1644919 1109694 1614447
1981233 1843561 1958689 1355347 1842146 1636713
1523036 1562035 1800323 1209855 1292407 1642406
1035567 1626479 1535640 1582664 1634809 1194488
1502898 1497747 1792810 1310699 1514520 1635520
1423846 1027160 1496765 1809789 1505325 1167556
1896512 1329774 1773941 1173793 1032049 1260851
1391441 1663286 1296960 1016098 1985752 1807062
1138971 1266378 1098476 1411843 1734892 1082119
1899364 1206776 1742170 1970152 1528666 1190240
1054655 1156678 1696401 1758192 1130720 1698643
1063108 1627715 1076169 1198154 1886749 1901778
1188607 1146214 1136428 1286835 1325169 1768179
1508583 1081656 1545883 1313105 1386227 1620078
1886719 1789572 1559676 1331065 1448107 1447959
1981416 1818907 1034430 1346197 1178717 1920397
1784614 1174026 1221221 1940303 1450375 1032856
1168495 1952112 1129208 1638261 1701156 1692237
1772860 1278488 1203854 1593167 1541219 1776588
1949094 1032464 1333975 1027887 1870444 1759355
1668728 1428843 1651219 1990546 1266478 1040430
1412159 1490348 1294115 1894450 1064165 1251767
1656031 1953496 1509113 1841363 1561020 1504225
1385562 1424221 1799768 1694961 1244764 1262594
1473658 1067471 1663377 1581676 1912519 1345993
1600671 1838704 1033902 1618315 1892907 1704590
1556052 1802361 1604586 1149160 1727095 1597094
1515489 1949557 1034989 1186319 1812364 1592961
1763420 1825129 1067872 1941088 1378145 1281621
1264623 1774490 1460859 1221765 1041946 1134184
1108599 1905974 1044214 1972055 1202165 1408887
1174878 1947103 1351016 1867043 1322232 1151625
1402567 1065558 1406047 1425873 1517310 1699545
1732269 1857130 1424492 1090458 1565333 1882818
1406623 1719248 1805335 1264150 1024596 1704231
1950077 1205545 1326381 1167086 1558240 1433660
1852746 1172156 1968470 1678732 1445841 1432254
1851970 1881717 1026658 1698037 1680655 1502946
1649250 1548443 1393669 1448709 1997824 1528533
1715816 1281105 1299074 1529891 1973125 1300627
1738142 1608010 1427895 1804961 1920055 1957074
1920702 1190116 1348329 1841591 1478744 1048627
1126643 1104754 1532107 1918519 1415989 1407627
1676615 1603305 1572680 1446149 1514847 1929732
1017229 1919407 1871537 1339563 1662361 1977727
1593401 1194109 1066054 1897006 1090855 1347688
1219230 1029805 1317962 1176244 1842716 1987031
1170385 1220330 1169502 1909691 1181962 1019089
1047217 1038772 1919051 1585423 1601816 1389057
1461822 1822832 1422417 1781510 1211744 1402169
1016907 1523533 1791004 1687856 1747018 1016514
1817784 1169729 1957375 1287152 1637605 1977205
1231266 1392372 1250189 1233010 1015945 1894682
1979803 1324794 1207038 1648478 1572317 1839969
1482148 1244986 1877696 1298489 1166835 1227956
1349186 1395706 1485721 1190199 1278501 1959213
1115304 1970947 1877864 1579434 1460935 1909586
1856442 1935550 1337630 1683874 1922621 1338506
1357347 1210668 1690901 1492407 1384032 1695918
1383009 1489147 1749620 1269122 1434347 1819547
1638238 1679624 1629134 1110235 1190724 1661862
1906409 1912398 1220036 1944494 1591283 1764685
1677829 1470151 1413057 1980802 1734061 1458917
1374609 1970910 1237025 1991643 1112540 1868005
1344935 1283932 1640285 1186932 1758081 1146136
1834531 1386871 1058843 1715039 1933730 1356654
1258409 1537098 1260456 1389986 1482619 1689503
1185108 1614347 1685709 1504841 1911061 1758664
1953399 1069079 1312433 1106419 1280058 1676863
1985128 1725775 1263126 1690625 1821300 1636109
1205455 1792913 1490502 1789553 1649445 1214192
1324429 1615653 1303801 1521176 1547133 1396850
1109917 1492600 1439629 1626184 1313484 1187335
1568391 1647261 1180786 1569000 1958911 1548305
1233182 1039429 1447558 1698733 1534230 1680560
1324714 1772651 1697417 1764386 1067592 1850569
1679812 1439408 1828707 1117025 1836576 1065811
1689388 1999811 1834057 1401581 1342089 1372858
1868942 1866709 1761987 1879354 1594520 1461768
1473371 1474415 1349022 1268780 1783180 1910882
1702225 1223300 1027948 1931217 1129768 1089008
1116724 1617363 1368407 1030668 
0
1587712	1451881	1735715	1665616	1413534	1906748
1351103	1014802	1116328	1333685	1421501	1465844
1663351	1232935	1197126	1142823	1836944	1493125
1409483	1845448	1532276	1725696	1736243	1803238
1011098	1848959	1815069	1820257	1553663	1970570
1256137	1934449	1867146	1568446	1075327	1175345
1115485	1780758	1230587	1529308	1917932	1245405
1889257	1516785	1310404	1009640	1055758	1243196
1148130	1068566	1981889	1153081	1866244	1594098
1165965	1511238	1798470	1557321	1489775	1267297
1884791	1979809	1367278	1035836	1535398	1522059
1646801	1814083	1606778	1425568	1841415	1014708
1547392	1627557	1164375	1810330	1348391	1419459
1669986	1573643	1691877	1830255	1961886	1001105
1266197	1663966	1412729	1770123	1865407	1986843
1973496	1618999	1937950	1462462	1589073	1004803
1619363	1978842	1797941	1535841	1363444	1668336
1647771	1181961	1124636	1385576	1807573	1937529
1128453	1621255	1866553	1659173	1060485	1943869
1516555	1112019	1344873	1303970	1696929	1809332
1255372	1454712	1303348	1699735	1090442	1704004
1242911	1672423	1529612	1560617	1575009	1554795
1823712	1168850	1691695	1162288	1645754	1228434
1304608	1333144	1519465	1235849	1475686	1286606
1055148	1858752	1309645	1063527	1732497	1647211
1379964	1516963	1546240	1404299	1470840	1137408
1884109	1245519	1939848	1951657	1328560	1545299
1362213	1339661	1133817	1521156	1038182	1709529
1989624	1162742	1135199	1662945	1120171	1958380
1637855	1443176	1746018	1246303	1346908	1349441
1607648	1720448	1645979	1724767	1259795	1676227
1931431	1465363	1761290	1260300	1845924	1492463
1597630	1115205	1722173	1471277	1584633	1413598
1377419	1750621	1639775	1868153	1192823	1542393
1797385	1137681	1354405	1016970	1178526	1879011
1578362	1099185	1462478	1512577	1700559	1354267
1938124	1514729	1264279	1049819	1094075	1268582
1135479	1886589	1138308	1247428	1999418	1282168
1493432	1260900	1755425	1226598	1657660	1056122
1138283	1442857	1943289	1418972	1356106	1568672
1374037	1527303	1408670	1301390	1996002	1163116
1154726	1903673	1691378	1734674	1182974	1544115
1031182	1791976	1429865	1821400	1989495	1767899
1369915	1233646	1160821	1830784	1375234	1277249
1826857	1040133	1753222	1113927	1368633	1879089
1674060	1053270	1963397	1840437	1357150	1066199
1119654	1536603	1696913	1323524	1431593	1272808
1039930	1109761	1409065	1870534	1805070	1630391
1593793	1691752	1181584	1541783	1177413	1436548
1095535	1400169	1538806	1154672	1300736	1721024
1599031	1122597	1342764	1476572	1061509	1951896
1156255	1961464	1156726	1046284	1932922	1574041
1879376	1190044	1921878	1984296	1482186	1887950
1122038	1894233	1922166	1370470	1803083	1038127
1242107	1077735	1581835	1586528	1158338	1784301
1868216	1997442	1202618	1499885	1573696	1143961
1570012	1245997	1475640	1105323	1672857	1906980
1664136	1031179	1700902	1645184	1406516	1009255
1317813	1104030	1143827	1951354	1651475	1319492
1202975	1283585	1621719	1153249	1574872	1084290
1704022	1900617	1986241	1580181	1339941	1463735
1674952	1391396	1038921	1566153	1698727	1580813
1330771	1174116	1319318	1339086	1729217	1907505
1891152	1289852	1845623	1510239	1701467	1959939
1826403	1725989	1893788	1853832	1213902	1988170
1282298	1199437	1155419	1497209	1640806	1416774
1602710	1629903	1895463	1048176	1757545	1108241
1648207	1080396	1365032	1483472	1491582	1879537
1891965	1041563	1871489	1769327	1924518	1983393
1835576	1968672	1724652	1369434	1476046	1997462
1308834	1696963	1247391	1044535	1105822	1938597
1645740	1276397	1500232	1940238	1893372	1562273
1588076	1778463	1226215	1241916	1797080	1421461
1681055	1399746	1626614	1498760	1287726	1896397
1981831	1915066	1809733	1691297	1506205	1976618
1772803	1076402	1627297	1295581	1626374	1508947
1800495	1742563	1530604	1904027	1794106	1666806
1964692	1041230	1688882	1687529	1258856	1517683
1721683	1724304	1757574	1396531	1156043	1112077
1688996	1482528	1586558	1098589	1958046	1779731
1562265	1513873	1632711	1305390	1750346	1331654
1725873	1363624	1694399	1234589	1369824	1408578
1015392	1146677	1443876	1894839	1426794	1085717
1861783	1553639	1390125	1655095	1893113	1251005
1861435	1849482	1234642	1245730	1791835	1635603
1662892	1567013	1075473	1257912	1712137	1359836
1943436	1039967	1665765	1861274	1344561	1406183
1924535	1431079	1446430	1686328	1988270	1239192
1985988	1207334	1483139	1506564	1104608	1581900
1546066	1833664	1812565	1487686	1253066	1198814
1953924	1376800	1668928	1269764	1049543	1257086
1655202	1513256	1266140	1604693	1182471	1860394
1649639	1002706	1737521	1842785	1629924	1617872
1491963	1626512	1098606	1629744	1218994	1847858
1899567	1514360	1682587	1504138	1747816	1239208
1975102	1527686	1935663	1573333	1150031	1491480
1039235	1490696	1221714	1778671	1528429	1544650
1095166	1980097	1483443	1221664	1540535	1616116
1266995	1700742	1858128	1832395	1747469	1320494
1729870	1255509	1203648	1891163	1045934	1571588
1695066	1029794	1395660	1791378	1010818	1800645
1355626	1516691	1697058	1884582	1102140	1189116
1646940	1214147	1833460	1984436	1632204	1828496
1307514	1485251	1169150	1488012	1492041	1785488
1417560	1224529	1009802	1104353	1657118	1823268
1264483	1203826	1611866	1805708	1576791	1282246
1762936	1894542	1048600	1774402	1116770	1137078
1310821	1911180	1622179	1501090	1820579	1170405
1257008	1041584	1727720	1652329	1475665	1440131
1293967	1236187	1835278	1744955	1358509	1298750
1026134	1272832	1177156	1945152	1899626	1652474
1355608	1427146	1223274	1313545	1204706	1570514
1456101	1053902	1503567	1396792	1829571	1674997
1752174	1266060	1235574	1457586	1848612	1909344
1591003	1759185	1006854	1614632	1500276	1036233
1668129	1887066	1308155	1337382	1534701	1747056
1843235	1622999	1177551	1937143	1704457	1811285
1710465	1249414	1803317	1525978	1134746	1527022
1147129	1297449	1094967	1774739	1417918	1889257
1404208	1733706	1354229	1292354	1165602	1479385
1536782	1673972	1237273	1506458	1291162	1464312
1881046	1871699	1640670	1185570	1437761	1545653
1287176	1514687	1459196	1521206	1774220	1731983
1612857	1678655	1020550	1568009	1751104	1052809
1917112	1360785	1354323	1409272	1874049	1795786
1718780	1501515	1523495	1223518	1789641	1650375
1922271	1453451	1016589	1915806	1407277	1054578
1081854	1025035	1226270	1887560	1547898	1357736
1653059	1219573	1832646	1166884	1014156	1127691
1597099	1762112	1903853	1499813	1998272	1785235
1386853	1686804	1535262	1237170	1437228	1001749
1514340	1639033	1989753	1917478	1554995	1632271
1132806	1314292	1159628	1996940	1592287	1457607
1492727	1480912	1817927	1528680	1635185	1837264
1139345	1254002	1261788	1922588	1355959	1937704
1687147	1948466	1987507	1711027	1918600	1558260
1782535	1283646	1620049	1960604	1625218	1707230
1630549	1906008	1483971	1401680	1928049	1435197
1508629	1666674	1213135	1450509	1804799	1288645
1896439	1825324	1278432	1471676	1620144	1983812
1894017	1223876	1390513	1777165	1984526	1692127
1319304	1026908	1612009	1218600	1056393	1370063
1277653	1984158	1625409	1237264	1905986	1840786
1551482	1804315	1516556	1109625	1958999	1655334
1159646	1794389	1061997	1562088	1711445	1892211
1313112	1125852	1013393	1346466	1681298	1486813
1181705	1123021	1023928	1508470	1391036	1697900
1650978	1566313	1908940	1538659	1029825	1291601
1892475	1926493	1874841	1529531	1079894	1642058
1273332	1230387	1143254	1514794	1972273	1189685
1303993	1880430	1123854	1578706	1462026	1052640
1411269	1256476	1667807	1305061	1951166	1241006
1546248	1118076	1581843	1425452	1235976	1854375
1220537	1210551	1338250	1035262	1332207	1718373
1283700	1287257	1394902	1453817	1788832	1223580
1406743	1446087	1015601	1701229	1272515	1052433
1325381	1632944	1441342	1536547	1182520	1656686
1892460	1750377	1877189	1291580	1801320	1252285
1987552	1937342	1509986	1905814	1448012	1224338
1918347	1444647	1296136	1955618	1264760	1885356
1200267	1817468	1927062	1391389	1412800	1005447
1073240	1918952	1666646	1939240	1317783	1052587
1884108	1982445	1370689	1148740	1802799	1598327
1011450	1933502	1572560	1538297	1395450	1101944
1899948	1943125	1602107	1258802	1172804	1731666
1905037	1292500	1324612	1304405	1229684	1001608
1544718	1798523	1056731	1571331	
0
1327921	1311985	1410060	1764242	1436825	1867798
1363212	1769121	1306851	1398092	1777699	1272965
1940221	1525249	1576450	1462107	1191758	1342536
1060249	1699892	1811875	1482222	1451604	1013994
1861657	1177967	1269941	1704015	1281023	1400585
1355547	1699348	1206785	1416352	1607729	1372771
1374869	1366796	1018743	1551487	1420999	1144258
1603260	1369794	1681279	1082293	1550559	1054290
1313862	1578160	1329327	1468791	1474719	1728852
1569322	1668144	1754355	1541260	1075330	1843174
1503580	1639546	1171326	1960585	1381571	1464335
1334818	1644335	1412375	1072751	1929010	1129393
1067635	1476657	1695778	1381762	1920198	1230330
1504498	1109142	1987035	1986173	1208144	1308936
1634753	1358147	1428481	1923324	1815479	1283154
1648672	1030481	1051285	1575203	1678375	1395675
1386187	1102256	1119354	1242491	1816271	1607539
1721171	1840736	1224809	1112980	1664574	1242792
1110696	1040249	1347320	1718966	1495284	1117324
1899843	1813937	1862863	1697636	1461515	1429635
1773695	1580835	1604850	1705792	1208685	1908665
1980764	1975134	1861377	1714605	1714564	1190840
1042867	1283087	1403916	1434120	1521889	1421823
1838419	1624260	1362537	1564903	1452455	1015900
1573848	1078117	1891989	1823025	1753750	1587772
1191533	1817474	1235524	1555136	1863628	1872414
1338810	1696499	1419463	1172712	1924793	1194892
1359161	1426084	1751341	1304857	1392132	1403239
1773799	1327991	1085519	1441274	1339598	1617970
1994639	1236147	1856596	1343213	1095753	1688381
1766690	1746978	1848998	1170790	1501765	1390799
1406742	1971891	1583900	1996268	1713105	1526690
1689607	1509513	1055521	1668596	1580104	1482737
1420585	1221675	1864249	1170603	1803409	1847005
1621178	1363896	1131575	1035383	1251485	1564653
1435306	1707354	1343146	1318645	1208074	1265311
1599260	1312763	1821894	1574531	1536430	1192198
1454873	1184569	1662000	1085158	1741297	1753736
1353273	1366364	1519883	1234527	1444617	1195453
1780553	1982306	1991026	1429673	1800775	1270106
1855858	1801097	1786268	1041630	1678843	1918623
1130084	1404154	1465666	1764419	1172484	1288314
1148676	1924898	1888740	1208924	1548293	1942002
1638997	1257998	1317742	1530225	1179346	1585988
1780179	1062245	1831582	1814209	1558709	1794675
1583739	1323547	1135374	1216553	1922607	1105880
1635252	1079136	1811044	1053510	1358738	1682720
1954520	1654479	1582450	1043990	1848515	1241899
1270998	1793071	1194063	1946858	1288154	1979376
1360839	1833282	1861302	1840794	1758196	1124140
1532518	1974385	1903599	1072947	1418365	1366013
1026906	1909209	1204134	1356285	1209729	1869589
1705572	1077399	1815564	1207550	1928509	1472254
1294599	1930148	1927530	1864952	1736677	1493674
1160094	1083266	1803585	1078618	1573022	1021668
1128749	1085460	1326977	1577204	1916335	1062934
1162058	1652669	1052082	1935769	1422892	1240080
1040713	1778800	1092970	1132947	1865882	1884475
1373877	1543557	1698673	1329955	1633040	1543479
1791374	1635632	1857270	1720202	1414290	1901711
1917312	1222772	1836675	1522855	1722588	1916624
1751238	1117429	1083980	1248337	1933575	1457328
1364486	1922842	1506496	1971264	1995649	1300349
1008974	1118908	1681346	1309664	1584002	1628430
1917081	1648323	1315299	1524402	1395515	1190680
1332028	1301929	1129889	1286862	1948432	1644561
1761263	1401707	1979464	1341653	1561313	1426966
1414471	1918324	1566925	1397000	1207656	1419129
1633046	1161717	1168171	1919606	1027343	1853510
1491202	1749800	1778273	1873477	1034545	1259252
1275333	1304945	1232525	1570902	1569080	1520878
1235276	1274893	1220716	1714319	1548039	1865821
1026842	1902263	1797021	1149179	1347068	1517408
1520549	1107446	1540984	1437321	1689410	1904236
1538922	1442169	1308658	1454596	1679910	1039169
1527570	1688527	1067456	1489897	1864264	1467196
1485199	1502501	1272940	1065174	1441073	1297272
1449264	1524527	1135648	1495653	1336144	1932411
1562518	1591060	1055070	1387865	1303844	1001468
1426850	1885292	1033865	1992879	1616968	1168942
1820538	1722311	1957253	1950395	1816506	1476200
1632758	1149107	1247092	1709981	1959251	1613116
1886210	1186704	1998388	1014473	1060139	1536632
1751654	1116948	1465309	1248977	1120136	1858717
1186310	1079931	1838813	1557671	1846418	1670637
1423043	1644198	1267368	1190028	1353476	1785608
1947699	1110432	1558875	1311570	1564378	1188128
1020036	1954199	1536296	1226423	1202252	1139210
1685481	1347676	1026358	1802730	1992023	1337227
1597439	1608774	1936695	1917939	1095378	1893958
1447063	1966254	1852046	1110761	1890031	1196029
1479184	1616060	1037516	1628887	1098239	1097638
1300760	1141563	1697650	1710744	1864646	1328368
1872513	1858698	1519488	1646801	1622058	1017905
1912396	1265471	1713574	1269324	1962585	1490691
1012497	1662371	1903214	1652928	1010097	1655371
1366463	1613184	1211919	1111863	1070929	1640410
1604052	1904908	1218844	1255401	1492629	1754971
1146230	1648963	1434450	1124768	1269205	1815537
1623847	1889083	1481390	1346448	1088142	1390898
1652752	1934933	1298313	1476801	1356316	1003670
1832070	1975663	1203436	1089885	1213492	1504353
1683943	1190656	1684578	1674613	1600584	1389382
1027925	1758450	1511775	1476255	1189172	1170316
1670080	1196932	1079162	1564987	1012612	1698408
1449680	1129655	1259493	1550739	1000584	1537047
1654359	1968596	1867632	1115764	1302261	1172779
1883052	1955912	1621231	1690368	1465389	1604162
1708893	1863765	1964549	1298635	1168321	1392986
1908822	1242776	1486936	1503422	1678908	1597732
1177172	1430270	1618202	1686525	1450563	1925677
1857358	1507921	1325533	1389136	1400547	1239238
1035928	1372700	1009405	1711045	1366503	1896179
1799204	1690801	1245255	1507966	1778472	1216511
1126474	1587134	1924724	1661089	1673752	1314649
1555202	1028965	1391984	1080799	1542971	1420592
1078493	1973604	1884483	1036281	1401272	1695948
1056434	1442835	1855407	1727492	1448538	1898297
1791740	1870058	1071266	1175553	1988792	1709074
1138217	1745434	1418573	1846035	1410044	1710413
1776912	1546743	1560826	1640494	1031924	1489524
1781330	1626900	1741107	1603721	1112861	1625840
1709635	1672908	1303557	1477148	1883586	1513573
1397967	1473185	1356346	1225693	1921342	1836850
1166616	1928729	1685197	1681113	1931473	1054213
1755737	1612632	1763444	1630906	1707386	1522466
1401590	1331349	1929105	1676714	1057585	1665964
1532925	1353417	1617471	1432328	1355761	1577990
1259380	1702852	1847384	1114436	1068906	1673167
1757086	1637108	1095546	1876746	1414524	1224030
1179232	1895906	1250879	1692845	1852140	1831803
1700321	1822744	1827660	1986989	1354726	1042699
1048244	1036830	1227648	1344771	1099320	1308622
1019079	1485002	1958289	1984649	1324759	1384534
1634194	1153459	1164565	1880590	1356705	1435042
1886379	1383594	1553310	1898791	1506044	1571057
1455202	1376768	1933181	1827340	1889480	1675395
1426966	1520246	1656878	1143234	1224152	1236962
1858676	1881726	1956369	1525052	1661116	1587512
1774843	1936641	1638890	1075976	1003769	1680943
1227932	1896629	1725870	1030265	1172668	1788414
1576047	1214444	1549761	1031890	1468704	1517792
1630489	1486422	1097109	1410567	1121216	1476710
1584087	1554554	1891301	1543754	1760783	1506543
1088809	1083986	1273016	1877785	1925469	1579857
1880915	1130521	1651266	1231944	1187583	1415149
1921599	1427990	1173748	1600781	1861280	1056336
1092096	1520017	1491135	1263533	1967416	1370742
1547427	1706948	1040787	1735841	1894211	1676929
1850663	1737613	1139723	1647936	1821204	1921377
1749959	1556270	1290095	1866131	1969170	1171040
1896794	1511810	1252644	1224497	1077638	1723289
1409379	1487578	1291215	1322309	1313674	1529866
1430015	1669619	1737393	1111940	1093823	1952894
1335766	1606979	1472648	1423546	1768230	1922383
1502225	1919163	1416406	1812851	1415023	1885627
1741905	1353678	1979376	1370173	1343733	1796783
1380235	1019098	1639179	1001232	1951191	1669183
1466698	1670384	1434840	1755357	1298983	1057000
1694400	1732155	1571423	1026611	1850055	1976929
1512999	1778742	1019361	1662006	1289443	1225401
1750329	1990865	1255752	1153270	1677972	1929646
1905468	1583054	1879201	1779895	1216558	1844524
1057484	1950876	1219747	1423818	1868208	1414797
1963489	1648147	1582726	1201225	1049157	1661435
1424108	1280794	1654679	1228641	1478128	1650499
1330906	1411772	1154110	1076851	
0
1968570	1414457	1097276	1514813	1258739	1627866
1426026	1735746	1024239	1974703	1743505	1553008
1649291	1363057	1968922	1149507	1369245	1794593
1737195	1642892	1792822	1524358	1685984	1811757
1950649	1058648	1517023	1738061	1146207	1948942
1606530	1070345	1920295	1405002	1439578	1813635
1154071	1941544	1975173	1440221	1154528	1558507
1569062	1345895	1687427	1362943	1790647	1798539
1969423	1826860	1585388	1527917	1953272	1300809
1666456	1789127	1436899	1648269	1574668	1811641
1966728	1095362	1674599	1252244	1283429	1470662
1555660	1969320	1416958	1605317	1597855	1454342
1929705	1706587	1348308	1726890	1646730	1919695
1138387	1072742	1717777	1858508	1349635	1457955
1842149	1678396	1852221	1750979	1359945	1906984
1924425	1881518	1943912	1582563	1538666	1387397
1906331	1755511	1028555	1418093	1033343	1166614
1780607	1510810	1267184	1418290	1508759	1158553
1539308	1379306	1215369	1190216	1073078	1396823
1386322	1319440	1114038	1848911	1487681	1647070
1080672	1781641	1668950	1702165	1981368	1744004
1977169	1040388	1994460	1431139	1573457	1249667
1845980	1564446	1906664	1265275	1546926	1003466
1556813	1189870	1749986	1671393	1764420	1723552
1370094	1695770	1441551	1802699	1068909	1073595
1880046	1419532	1612840	1934704	1691924	1610241
1987030	1060452	1823631	1920123	1207050	1047553
1752147	1254111	1583356	1277138	1673884	1889916
1102040	1924302	1523469	1938315	1740628	1354150
1387405	1612640	1609127	1741568	1586370	1992277
1021134	1168047	1610794	1480551	1164428	1293845
1744258	1105571	1378147	1982679	1527575	1962197
1022769	1999159	1630797	1817448	1119151	1025769
1914468	1573997	1825180	1786290	1386358	1438089
1533565	1729765	1482451	1499509	1948210	1524344
1810786	1062253	1945250	1456539	1470243	1547719
1566439	1080741	1047704	1438563	1734460	1179651
1516815	1483284	1709241	1542989	1705810	1206874
1684482	1527587	1065677	1350920	1246227	1870420
1302515	1837811	1473281	1386395	1862093	1933401
1235819	1581511	1138754	1983376	1757908	1202780
1307518	1193200	1594203	1819327	1269151	1022822
1323299	1269022	1640938	1056888	1656971	1197604
1923058	1519673	1100709	1123971	1059892	1398261
1925518	1309546	1412438	1451717	1600364	1995375
1118705	1676527	1000874	1132092	1992372	1571979
1451541	1745280	1325976	1932699	1249038	1313173
1161689	1439861	1632046	1399576	1673642	1411490
1588953	1715995	1603401	1604258	1984218	1023512
1207421	1628967	1052760	1822862	1301676	1950873
1725040	1701339	1973055	1064473	1413664	1422368
1842398	1968274	1574254	1876009	1354953	1978244
1734564	1691434	1003268	1957518	1569444	1213787
1557841	1863863	1969259	1395401	1784722	1735614
1215503	1201144	1634519	1730500	1201027	1251337
1196639	1410196	1653707	1801875	1696609	1256762
1512048	1481146	1565966	1363962	1200590	1579208
1662260	1492152	1375242	1105313	1613633	1960899
1947212	1638820	1673647	1169748	1681403	1545472
1147996	1734174	1908873	1442417	1291148	1639045
1836779	1987458	1784336	1496620	1598979	1949024
1333726	1821273	1005309	1778240	1369454	1061087
1559617	1617799	1307361	1302158	1790916	1165687
1774372	1792462	1205526	1651565	1099091	1467957
1914539	1546787	1772069	1215941	1357772	1140763
1228877	1347505	1813167	1038958	1072567	1949824
1723426	1282937	1279078	1476079	1525737	1883357
1499548	1338920	1142711	1108976	1761095	1036549
1436124	1292438	1250007	1023715	1237447	1814122
1455059	1366512	1802289	1689045	1611421	1266995
1520580	1394530	1317345	1135278	1215444	1493270
1120931	1403033	1343502	1496897	1356292	1013361
1504103	1336119	1754740	1833964	1697778	1645098
1132799	1860867	1059014	1624311	1515714	1229658
1298980	1666376	1840668	1976760	1763775	1531932
1928193	1711816	1833395	1985538	1876898	1222317
1186199	1179561	1684786	1518250	1488583	1649395
1771359	1423285	1785460	1984569	1449451	1058022
1712665	1791726	1168458	1607794	1284009	1277155
1423099	1161884	1736597	1493732	1144347	1984195
1059850	1719884	1982529	1441958	1680808	1839116
1728939	1041901	1454349	1783563	1710370	1053566
1949435	1416264	1321434	1248988	1436105	1946692
1228569	1485518	1550411	1938703	1443395	1311145
1002409	1112332	1589439	1280542	1061516	1245653
1674936	1106310	1606398	1510688	1117347	1906107
1416146	1232060	1305450	1247031	1702215	1011467
1244978	1040809	1340315	1345547	1775231	1210121
1684867	1692747	1948862	1734228	1189889	1740177
1289270	1782954	1681816	1546200	1566053	1212029
1500724	1640008	1414524	1585665	1223492	1164850
1495664	1639758	1907722	1478577	1249059	1060740
1122669	1040376	1179131	1195709	1700847	1345846
1617765	1149327	1657170	1965135	1204892	1690477
1368954	1856541	1155347	1016822	1948227	1174860
1087647	1053466	1768720	1079217	1072579	1947334
1178284	1808908	1956871	1187912	1331034	1102214
1031635	1900525	1189867	1343140	1255715	1912603
1610227	1408634	1133463	1818325	1566678	1095836
1009433	1763081	1085392	1587435	1317176	1723729
1052961	1040040	1530410	1268816	1557335	1342269
1986752	1343969	1183422	1993092	1518565	1084763
1600490	1013304	1404574	1433838	1468270	1435990
1801079	1265554	1681241	1263171	1793152	1723234
1655024	1164405	1117704	1023030	1573960	1457631
1747223	1912190	1019648	1996943	1746094	1134526
1174366	1471129	1115822	1731025	1654606	1594647
1449221	1973981	1517364	1648849	1108226	1959093
1239586	1203845	1595878	1025564	1200186	1891159
1642047	1239402	1153527	1136727	1365395	1212343
1601234	1263741	1208085	1104760	1496280	1975092
1002371	1669232	1218633	1618452	1477388	1300207
1663786	1270709	1887342	1423326	1805974	1661527
1050016	1327128	1809996	1465661	1208119	1032417
1225767	1219484	1004267	1511496	1133553	1635902
1589599	1046783	1800102	1718379	1191401	1263259
1384230	1888263	1441052	1725104	1259026	1414881
1253798	1099100	1061560	1865646	1333784	1559447
1969683	1745971	1951568	1435595	1097632	1654986
1041936	1014396	1021402	1832149	1284453	1470008
1374679	1284224	1884452	1956477	1032024	1828358
1748829	1058540	1814621	1416561	1004362	1967927
1303738	1628518	1077263	1279855	1430625	1641116
1824080	1545266	1211091	1407765	1882784	1051733
1915513	1388709	1066298	1089013	1264319	1860499
1973957	1840181	1065636	1301929	1608429	1210336
1991350	1633729	1280627	1378734	1999149	1995857
1567705	1922068	1668652	1720375	1505605	1032893
1968365	1822936	1636061	1703506	1951983	1466054
1113334	1593083	1257273	1529602	1987705	1129561
1689408	1150765	1833899	1383888	1385669	1784020
1678552	1036902	1735434	1713123	1333726	1280655
1828898	1514156	1927630	1742499	1448294	1635868
1445752	1879887	1642704	1300023	1254849	1737683
1677282	1508093	1124694	1698523	1716389	1042262
1288190	1313077	1457599	1208361	1443256	1989830
1374610	1993211	1221282	1101307	1997053	1988133
1484975	1894221	1142870	1397782	1379820	1426691
1200728	1205896	1402413	1602281	1217205	1749846
1608637	1523697	1097791	1442107	1382781	1055599
1547068	1421863	1928402	1858093	1662824	1862692
1478461	1365946	1020624	1125396	1460864	1848107
1479692	1780923	1119589	1039780	1655268	1364469
1827551	1120522	1211904	1401787	1414441	1903806
1109886	1119525	1454474	1715606	1110000	1461281
1672095	1985211	1269817	1519446	1221721	1205785
1176406	1772048	1879189	1714983	1257977	1324215
1356037	1886747	1502468	1295261	1905694	1163178
1284964	1122746	1334799	1343877	1048268	1985255
1233632	1457538	1585363	1186168	1342687	1196436
1669615	1251946	1097566	1979537	1202899	1011083
1822991	1723358	1878849	1708332	1037979	1108115
1079157	1434367	1843690	1821580	1510557	1643290
1219461	1613974	1749454	1530251	1409870	1669091
1849810	1629022	1946306	1172771	1132422	1918731
1240277	1485664	1371899	1442796	1806109	1344963
1688705	1869060	1646098	1394589	1755965	1733594
1492631	1741081	1553603	1887710	1987854	1900114
1959003	1705995	1652824	1854204	1114848	1512237
1875515	1506747	1681186	1607437	1882624	1132296
1823760	1410291	1648710	1942506	1891185	1289580
1907648	1314604	1394169	1919837	1537412	1359534
1505634	1465612	1060351	1119090	1574318	1453304
1909816	1188508	1951059	1951117	1082029	1179717
1374640	1264384	1242445	1782349	1398999	1972795
1987850	1157319	1035880	1446204	1449281	1265816
1062848	1794566	1974556	1258497	
0
1823605	1208402	1526238	1948139	1015833	1036288
1866237	1213174	1462328	1918416	1682572	1053000
1264886	1645414	1200855	1495611	1297394	1957257
1778370	1340919	1192795	1220958	1796848	1109770
1310810	1806034	1213528	1585121	1215010	1826381
1923606	1301643	1804268	1151622	1460243	1268834
1822456	1604120	1554204	1835080	1138474	1554543
1227070	1133514	1764645	1819418	1768603	1346456
1039008	1777890	1927894	1920477	1072864	1117382
1433039	1281809	1614396	1198259	1288031	1180239
1624977	1838689	1579875	1536567	1608873	1198045
1116916	1184898	1705923	1525277	1911327	1623438
1295489	1944412	1227361	1844187	1086767	1753930
1735006	1108482	1479329	1892972	1221280	1075592
1832492	1857105	1059712	1358993	1560279	1105051
1857272	1554458	1229012	1163024	1716422	1739001
1703680	1054716	1602329	1444845	1625327	1592156
1033176	1303733	1282647	1402048	1703865	1657082
1476686	1629398	1671401	1249659	1044742	1090430
1418364	1670118	1483967	1407780	1757843	1108378
1382499	1541110	1146926	1911611	1906988	1173348
1770171	1836723	1390212	1160703	1852921	1974100
1240193	1730074	1067914	1937931	1441474	1277867
1555722	1404771	1264958	1061714	1730193	1304781
1308169	1490829	1047387	1973996	1095082	1563769
1599935	1769540	1765299	1901008	1356658	1619290
1399010	1460393	1313746	1453561	1403426	1482709
1135296	1794497	1019747	1565422	1536864	1400079
1948575	1170996	1788676	1823680	1463740	1481344
1866741	1426642	1118518	1890078	1745707	1614525
1922299	1233762	1684638	1268714	1360151	1523331
1022650	1166372	1884678	1725637	1794474	1828441
1549928	1041587	1993331	1172432	1254113	1028662
1804032	1948711	1448742	1136281	1458065	1528390
1276545	1356172	1944116	1022166	1064559	1082725
1883115	1486263	1297468	1523984	1732628	1413193
1004942	1578693	1031968	1408707	1858080	1440488
1757287	1216796	1828370	1891215	1121417	1034541
1801673	1320011	1619613	1228943	1403838	1479951
1789622	1164782	1098148	1970345	1060656	1006011
1332288	1421015	1202064	1793209	1471210	1180569
1623846	1077490	1032766	1651423	1034914	1170634
1318399	1100792	1636761	1207283	1807422	1353591
1895810	1635312	1505199	1025332	1894709	1312117
1102747	1535842	1371540	1112321	1955410	1875904
1760620	1103119	1395749	1905071	1007387	1556265
1189796	1701208	1095976	1679996	1997822	1961280
1400385	1607344	1648564	1200074	1373642	1907615
1032616	1368442	1449497	1659062	1279858	1962690
1768518	1214346	1381325	1371509	1915831	1210389
1098823	1903265	1225798	1494074	1927301	1745980
1282948	1492484	1444542	1398677	1472621	1143115
1579605	1266039	1135043	1999631	1206939	1925026
1166671	1860711	1452135	1998581	1793829	1836615
1059226	1624031	1069526	1677010	1843759	1374280
1282627	1773984	1155316	1485556	1779412	1967418
1368700	1193128	1246889	1614659	1562673	1393729
1121603	1683457	1625893	1672136	1776581	1218737
1418525	1145814	1812782	1104603	1320175	1559197
1465614	1574772	1169596	1197948	1085343	1852823
1396341	1140081	1710994	1013992	1502874	1916622
1899097	1473169	1660288	1126681	1555621	1084114
1639287	1442417	1131521	1178964	1431303	1671518
1390785	1207670	1241844	1180787	1244664	1787258
1664545	1324866	1077359	1707753	1149777	1030363
1478536	1196726	1106630	1056192	1272313	1792053
1172471	1726240	1380471	1824633	1349792	1795908
1360089	1546726	1857052	1899264	1908145	1019474
1349715	1682889	1936772	1873939	1610225	1632002
1287454	1300301	1129519	1921513	1565128	1750199
1178061	1209576	1504825	1006742	1399215	1458296
1511547	1024152	1546189	1634710	1243591	1064490
1525729	1944578	1581869	1174173	1178344	1483324
1684258	1804044	1879284	1694049	1546793	1499773
1333818	1918726	1200370	1579213	1814368	1635418
1107961	1086994	1319828	1342802	1362461	1115826
1794785	1918093	1140159	1862763	1393305	1525637
1205580	1884616	1192517	1077920	1685346	1664055
1489344	1568222	1299004	1533003	1727610	1359455
1158974	1764660	1681020	1354010	1005989	1487062
1748228	1588890	1318219	1474413	1317257	1394538
1163439	1886827	1393269	1826571	1376676	1595756
1970588	1414452	1248598	1594817	1005059	1271879
1428212	1005596	1751857	1397733	1365155	1181041
1806085	1656305	1234088	1172272	1300537	1303691
1926447	1674001	1234300	1273795	1845615	1112769
1109225	1348989	1275562	1909893	1175569	1373630
1907397	1879045	1785257	1696169	1247550	1730109
1097693	1278009	1352949	1599532	1625879	1267278
1159593	1609828	1722824	1933135	1661637	1003630
1688341	1269747	1260060	1593129	1240365	1070107
1145938	1106327	1251446	1971966	1202845	1835637
1673597	1102522	1052752	1561760	1211907	1151718
1863073	1539126	1331396	1192597	1127734	1709940
1716548	1188538	1785583	1200873	1346697	1354752
1832843	1301900	1348049	1310838	1925283	1135580
1569741	1005334	1574422	1233627	1013926	1494242
1243208	1369198	1367071	1712403	1121490	1011977
1604409	1376925	1902867	1002209	1142417	1944129
1516294	1670233	1896506	1766263	1889627	1287763
1211050	1034359	1271495	1636132	1424992	1422771
1659401	1961317	1300776	1495092	1145307	1004629
1753719	1161110	1864573	1912177	1978767	1467237
1518178	1918101	1386383	1752913	1692771	1430575
1640884	1422161	1657522	1079345	1355324	1527413
1015660	1706619	1050155	1446608	1613000	1714434
1361876	1249126	1197781	1300822	1270278	1067895
1013091	1775028	1099446	1420496	1575306	1298230
1697846	1997688	1513944	1530510	1085925	1754610
1682200	1029181	1266369	1559516	1325310	1144302
1674234	1819750	1126794	1061731	1101914	1477633
1549636	1166197	1373981	1084001	1651071	1973835
1693470	1509735	1977868	1603756	1714272	1284960
1236702	1264519	1828244	1040132	1604546	1577146
1776156	1409351	1558524	1213569	1672340	1998057
1579924	1341063	1303587	1503367	1425718	1524340
1173068	1553979	1124922	1596530	1235514	1379341
1949429	1101554	1554722	1618145	1347362	1619210
1483493	1788815	1484269	1592582	1461136	1197752
1977619	1049587	1715270	1095975	1353110	1741059
1394049	1867317	1664132	1272466	1196243	1287152
1630137	1012369	1149198	1014662	1799545	1764802
1124798	1537606	1965569	1878914	1532534	1993902
1233209	1319552	1645200	1922315	1312508	1010805
1764217	1877821	1373415	1595158	1883062	1056962
1357599	1579565	1273382	1662521	1094647	1664711
1900225	1301753	1259928	1171467	1482384	1521116
1687926	1988989	1904423	1412958	1994350	1622003
1540111	1549362	1244491	1659858	1058998	1075888
1635633	1406377	1760431	1558903	1742576	1734427
1531062	1097201	1455176	1280497	1873934	1262304
1695667	1752197	1900706	1429161	1557451	1936914
1677507	1151778	1762644	1155438	1078423	1796531
1107910	1052049	1673852	1020883	1809309	1012122
1975159	1601466	1395840	1911172	1058731	1244984
1052064	1672839	1424165	1101035	1874988	1627139
1998838	1624370	1638826	1853639	1801490	1092729
1482177	1492406	1574739	1216171	1814765	1873344
1637303	1777047	1698193	1009952	1442323	1411080
1221648	1694440	1620384	1310880	1016220	1446137
1034312	1730624	1184378	1992764	1848106	1723388
1716473	1167823	1819719	1229639	1133643	1597198
1796735	1288827	1523361	1549993	1513032	1518020
1194264	1228725	1318514	1069896	1572723	1992491
1210414	1701180	1005768	1565144	1793722	1001759
1955823	1539593	1811698	1077376	1867081	1044693
1178962	1884396	1365607	1284641	1263919	1475859
1795051	1294190	1928330	1029869	1972912	1224702
1909701	1481095	1424214	1870293	1354590	1390254
1943182	1429472	1745271	1462401	1947626	1995729
1984679	1468633	1034013	1978619	1627472	1165565
1049208	1861553	1415052	1272469	1818830	1390599
1332387	1514643	1869237	1463326	1445855	1095235
1077211	1377258	1600635	1640538	1015723	1961950
1158679	1276051	1911521	1652065	1428989	1323220
1350172	1467169	1806468	1088412	1128204	1129872
1335929	1752763	1350606	1744668	1737043	1319446
1586062	1279130	1491000	1775971	1733749	1301654
1407008	1302849	1759506	1044133	1474540	1318572
1291901	1298441	1274975	1792088	1693368	1551738
1989586	1032335	1997851	1026057	1773826	1466066
1086621	1686594	1977400	1422015	1093427	1791412
1299572	1635462	1199918	1617480	1400395	1413992
1194402	1773685	1273837	1429625	1193504	1952870
1979981	1679762	1740971	1571336	1036419	1202924
1496501	1167000	1080335	1079754	1428561	1559696
1260667	1247653	1938118	1210053
0
1000004 1000005 1000006 1000007 1000008 
1000009 1000010 1000011 1000012 1000013 1000014 
1000015 1000016 1000017 1000018 1000019 1000020 
1000021 1000022 1000023 1000024 1000025 1000026 
1000027 1000028 1000029 1000030 1000031 1000032 
1000033 1000034 1000035 1000036 1000037 1000038 
1000039 1000040 1000041 1000042 1000043 1000044 
1000045 1000046 1000047 1000048 1000049 1000050 
1000051 1000052 1000053 1000054 1000055 1000056 
1000057 1000058 1000059 1000060 1000061 1000062 
1000063 1000064 1000065 1000066 1000067 1000068 
1000069 1000070 1000071 1000072 1000073 1000074 
1000075 1000076 1000077 1000078 1000079 1000080 
1000081 1000082 1000083 1000084 1000085 1000086 
1000087 1000088 1000089 1000090 1000091 1000092 
1000093 1000094 1000095 1000096 1000097 1000098 
1000099 1000100 1000101 1000102 1000103 1000104 
1000105 1000106 1000107 1000108 1000109 1000110 
1000111 1000112 1000113 1000114 1000115 1000116 
1000117 1000118 1000119 1000120 1000121 1000122 
1000123 1000124 1000125 1000126 1000127 1000128 
1000129 1000130 1000131 1000132 1000133 1000134 
1000135 1000136 1000137 1000138 1000139 1000140 
1000141 1000142 1000143 1000144 1000145 1000146 
1000147 1000148 1000149 1000150 1000151 1000152 
1000153 1000154 1000155 1000156 1000157 1000158 
1000159 1000160 1000161 1000162 1000163 1000164 
1000165 1000166 1000167 1000168 1000169 1000170 
1000171 1000172 1000173 1000174 1000175 1000176 
1000177 1000178 1000179 1000180 1000181 1000182 
1000183 1000184 1000185 1000186 1000187 1000188 
1000189 1000190 1000191 1000192 1000193 1000194 
1000195 1000196 1000197 1000198 1000199 1000200 
1000201 1000202 1000203 1000204 1000205 1000206 
1000207 1000208 1000209 1000210 1000211 1000212 
1000213 1000214 1000215 1000216 1000217 1000218 
1000219 1000220 1000221 1000222 1000223 1000224 
1000225 1000226 1000227 1000228 1000229 1000230 
1000231 1000232 1000233 1000234 1000235 1000236 
1000237 1000238 1000239 1000240 1000241 1000242 
1000243 1000244 1000245 1000246 1000247 1000248 
1000249 1000250 1000251 1000252 1000253 1000254 
1000255 1000256 1000257 1000258 1000259 1000260 
1000261 1000262 1000263 1000264 1000265 1000266 
1000267 1000268 1000269 1000270 1000271 1000272 
1000273 1000274 1000275 1000276 1000277 1000278 
1000279 1000280 1000281 1000282 1000283 1000284 
1000285 1000286 1000287 1000288 1000289 1000290 
1000291 1000292 1000293 1000294 1000295 1000296 
1000297 1000298 1000299 1000300 1000301 1000302 
1000303 1000304 1000305 1000306 1000307 1000308 
1000309 1000310 1000311 1000312 1000313 1000314 
1000315 1000316 1000317 1000318 1000319 1000320 
1000321 1000322 1000323 1000324 1000325 1000326 
1000327 1000328 1000329 1000330 1000331 1000332 
1000333 1000334 1000335 1000336 1000337 1000338 
1000339 1000340 1000341 1000342 1000343 1000344 
1000345 1000346 1000347 1000348 1000349 1000350 
1000351 1000352 1000353 1000354 1000355 1000356 
1000357 1000358 1000359 1000360 1000361 1000362 
1000363 1000364 1000365 1000366 1000367 1000368 
1000369 1000370 1000371 1000372 1000373 1000374 
1000375 1000376 1000377 1000378 1000379 1000380 
1000381 1000382 1000383 1000384 1000385 1000386 
1000387 1000388 1000389 1000390 1000391 1000392 
1000393 1000394 1000395 1000396 1000397 1000398 
1000399 1000400 1000401 1000402 1000403 1000404 
1000405 1000406 1000407 1000408 1000409 1000410 
1000411 1000412 1000413 1000414 1000415 1000416 
1000417 1000418 1000419 1000420 1000421 1000422 
1000423 1000424 1000425 1000426 1000427 1000428 
1000429 1000430 1000431 1000432 1000433 1000434 
1000435 1000436 1000437 1000438 1000439 1000440 
1000441 1000442 1000443 1000444 1000445 1000446 
1000447 1000448 1000449 1000450 1000451 1000452 
1000453 1000454 1000455 1000456 1000457 1000458 
1000459 1000460 1000461 1000462 1000463 1000464 
1000465 1000466 1000467 1000468 1000469 1000470 
1000471 1000472 1000473 1000474 1000475 1000476 
1000477 1000478 1000479 1000480 1000481 1000482 
1000483 1000484 1000485 1000486 1000487 1000488 
1000489 1000490 1000491 1000492 1000493 1000494 
1000495 1000496 1000497 1000498 1000499 1000500 
1000501 1000502 1000503 1000504 1000505 1000506 
1000507 1000508 1000509 1000510 1000511 1000512 
1000513 1000514 1000515 1000516 1000517 1000518 
1000519 1000520 1000521 1000522 1000523 1000524 
1000525 1000526 1000527 1000528 1000529 1000530 
1000531 1000532 1000533 1000534 1000535 1000536 
1000537 1000538 1000539 1000540 1000541 1000542 
1000543 1000544 1000545 1000546 1000547 1000548 
1000549 1000550 1000551 1000552 1000553 1000554 
1000555 1000556 1000557 1000558 1000559 1000560 
1000561 1000562 1000563 1000564 1000565 1000566 
1000567 1000568 1000569 1000570 1000571 1000572 
1000573 1000574 1000575 1000576 1000577 1000578 
1000579 1000580 1000581 1000582 1000583 1000584 
1000585 1000586 1000587 1000588 1000589 1000590 
1000591 1000592 1000593 1000594 1000595 1000596 
1000597 1000598 1000599 1000600 1000601 1000602 
1000603 1000604 1000605 1000606 1000607 1000608 
1000609 1000610 1000611 1000612 1000613 1000614 
1000615 1000616 1000617 1000618 1000619 1000620 
1000621 1000622 1000623 1000624 1000625 1000626 
1000627 1000628 1000629 1000630 1000631 1000632 
1000633 1000634 1000635 1000636 1000637 1000638 
1000639 1000640 1000641 1000642 1000643 1000644 
1000645 1000646 1000647 1000648 1000649 1000650 
1000651 1000652 1000653 1000654 1000655 1000656 
1000657 1000658 1000659 1000660 1000661 1000662 
1000663 1000664 1000665 1000666 1000667 1000668 
1000669 1000670 1000671 1000672 1000673 1000674 
1000675 1000676 1000677 1000678 1000679 1000680 
1000681 1000682 1000683 1000684 1000685 1000686 
1000687 1000688 1000689 1000690 1000691 1000692 
1000693 1000694 1000695 1000696 1000697 1000698 
1000699 1000700 1000701 1000702 1000703 1000704 
1000705 1000706 1000707 1000708 1000709 1000710 
1000711 1000712 1000713 1000714 1000715 1000716 
1000717 1000718 1000719 1000720 1000721 1000722 
1000723 1000724 1000725 1000726 1000727 1000728 
1000729 1000730 1000731 1000732 1000733 1000734 
1000735 1000736 1000737 1000738 1000739 1000740 
1000741 1000742 1000743 1000744 1000745 1000746 
1000747 1000748 1000749 1000750 1000751 1000752 
1000753 1000754 1000755 1000756 1000757 1000758 
1000759 1000760 1000761 1000762 1000763 1000764 
1000765 1000766 1000767 1000768 1000769 1000770 
1000771 1000772 1000773 1000774 1000775 1000776 
1000777 1000778 1000779 1000780 1000781 1000782 
1000783 1000784 1000785 1000786 1000787 1000788 
1000789 1000790 1000791 1000792 1000793 1000794 
1000795 1000796 1000797 1000798 1000799 1000800 
1000801 1000802 1000803 1000804 1000805 1000806 
1000807 1000808 1000809 1000810 1000811 1000812 
1000813 1000814 1000815 1000816 1000817 1000818 
1000819 1000820 1000821 1000822 1000823 1000824 
1000825 1000826 1000827 1000828 1000829 1000830 
1000831 1000832 1000833 1000834 1000835 1000836 
1000837 1000838 1000839 1000840 1000841 1000842 
1000843 1000844 1000845 1000846 1000847 1000848 
1000849 1000850 1000851 1000852 1000853 1000854 
1000855 1000856 1000857 1000858 1000859 1000860 
1000861 1000862 1000863 1000864 1000865 1000866 
1000867 1000868 1000869 1000870 1000871 1000872 
1000873 1000874 1000875 1000876 1000877 1000878 
1000879 1000880 1000881 1000882 1000883 1000884 
1000885 1000886 1000887 1000888 1000889 1000890 
1000891 1000892 1000893 1000894 1000895 1000896 
1000897 1000898 1000899 1000900 1000901 1000902 
1000903 1000904 1000905 1000906 1000907 1000908 
1000909 1000910 1000911 1000912 1000913 1000914 
1000915 1000916 1000917 1000918 1000919 1000920 
1000921 1000922 1000923 1000924 1000925 1000926 
1000927 1000928 1000929 1000930 1000931 1000932 
1000933 1000934 1000935 1000936 1000937 1000938 
1000939 1000940 1000941 1000942 1000943 1000944 
1000945 1000946 1000947 1000948 1000949 1000950 
1000951 1000952 1000953 1000954 1000955 1000956 
1000957 1000958 1000959 1000960 1000961 1000962 
1000963 1000964 1000965 1000966 1000967 1000968 
1000969 1000970 1000971 1000972 1000973 1000974 
1000975 1000976 1000977 1000978 1000979 1000980 
1000981 1000982 1000983 1000984 1000985 1000986 
1000987 1000988 1000989 1000990 1000991 1000992 
1000993 1000994 1000995 1000996 1000997 1000998 
1000999 1001000 1001001 1001002 1001003
0
1001004 
1001003 1001002 1001001 1001000 1000999 1000998 
1000997 1000996 1000995 1000994 1000993 1000992 
1000991 1000990 1000989 1000988 1000987 1000986 
1000985 1000984 1000983 1000982 1000981 1000980 
1000979 1000978 1000977 1000976 1000975 1000974 
1000973 1000972 1000971 1000970 1000969 1000968 
1000967 1000966 1000965 1000964 1000963 1000962 
1000961 1000960 1000959 1000958 1000957 1000956 
1000955 1000954 1000953 1000952 1000951 1000950 
1000949 1000948 1000947 1000946 1000945 1000944 
1000943 1000942 1000941 1000940 1000939 1000938 
1000937 1000936 1000935 1000934 1000933 1000932 
1000931 1000930 1000929 1000928 1000927 1000926 
1000925 1000924 1000923 1000922 1000921 1000920 
1000919 1000918 1000917 1000916 1000915 1000914 
1000913 1000912 1000911 1000910 1000909 1000908 
1000907 1000906 1000905 1000904 1000903 1000902 
1000901 1000900 1000899 1000898 1000897 1000896 
1000895 1000894 1000893 1000892 1000891 1000890 
1000889 1000888 1000887 1000886 1000885 1000884 
1000883 1000882 1000881 1000880 1000879 1000878 
1000877 1000876 1000875 1000874 1000873 1000872 
1000871 1000870 1000869 1000868 1000867 1000866 
1000865 1000864 1000863 1000862 1000861 1000860 
1000859 1000858 1000857 1000856 1000855 1000854 
1000853 1000852 1000851 1000850 1000849 1000848 
1000847 1000846 1000845 1000844 1000843 1000842 
1000841 1000840 1000839 1000838 1000837 1000836 
1000835 1000834 1000833 1000832 1000831 1000830 
1000829 1000828 1000827 1000826 1000825 1000824 
1000823 1000822 1000821 1000820 1000819 1000818 
1000817 1000816 1000815 1000814 1000813 1000812 
1000811 1000810 1000809 1000808 1000807 1000806 
1000805 1000804 1000803 1000802 1000801 1000800 
1000799 1000798 1000797 1000796 1000795 1000794 
1000793 1000792 1000791 1000790 1000789 1000788 
1000787 1000786 1000785 1000784 1000783 1000782 
1000781 1000780 1000779 1000778 1000777 1000776 
1000775 1000774 1000773 1000772 1000771 1000770 
1000769 1000768 1000767 1000766 1000765 1000764 
1000763 1000762 1000761 1000760 1000759 1000758 
1000757 1000756 1000755 1000754 1000753 1000752 
1000751 1000750 1000749 1000748 1000747 1000746 
1000745 1000744 1000743 1000742 1000741 1000740 
1000739 1000738 1000737 1000736 1000735 1000734 
1000733 1000732 1000731 1000730 1000729 1000728 
1000727 1000726 1000725 1000724 1000723 1000722 
1000721 1000720 1000719 1000718 1000717 1000716 
1000715 1000714 1000713 1000712 1000711 1000710 
1000709 1000708 1000707 1000706 1000705 1000704 
1000703 1000702 1000701 1000700 1000699 1000698 
1000697 1000696 1000695 1000694 1000693 1000692 
1000691 1000690 1000689 1000688 1000687 1000686 
1000685 1000684 1000683 1000682 1000681 1000680 
1000679 1000678 1000677 1000676 1000675 1000674 
1000673 1000672 1000671 1000670 1000669 1000668 
1000667 1000666 1000665 1000664 1000663 1000662 
1000661 1000660 1000659 1000658 1000657 1000656 
1000655 1000654 1000653 1000652 1000651 1000650 
1000649 1000648 1000647 1000646 1000645 1000644 
1000643 1000642 1000641 1000640 1000639 1000638 
1000637 1000636 1000635 1000634 1000633 1000632 
1000631 1000630 1000629 1000628 1000627 1000626 
1000625 1000624 1000623 1000622 1000621 1000620 
1000619 1000618 1000617 1000616 1000615 1000614 
1000613 1000612 1000611 1000610 1000609 1000608 
1000607 1000606 1000605 1000604 1000603 1000602 
1000601 1000600 1000599 1000598 1000597 1000596 
1000595 1000594 1000593 1000592 1000591 1000590 
1000589 1000588 1000587 1000586 1000585 1000584 
1000583 1000582 1000581 1000580 1000579 1000578 
1000577 1000576 1000575 1000574 1000573 1000572 
1000571 1000570 1000569 1000568 1000567 1000566 
1000565 1000564 1000563 1000562 1000561 1000560 
1000559 1000558 1000557 1000556 1000555 1000554 
1000553 1000552 1000551 1000550 1000549 1000548 
1000547 1000546 1000545 1000544 1000543 1000542 
1000541 1000540 1000539 1000538 1000537 1000536 
1000535 1000534 1000533 1000532 1000531 1000530 
1000529 1000528 1000527 1000526 1000525 1000524 
1000523 1000522 1000521 1000520 1000519 1000518 
1000517 1000516 1000515 1000514 1000513 1000512 
1000511 1000510 1000509 1000508 1000507 1000506 
1000505 1000504 1000503 1000502 1000501 1000500 
1000499 1000498 1000497 1000496 1000495 1000494 
1000493 1000492 1000491 1000490 1000489 1000488 
1000487 1000486 1000485 1000484 1000483 1000482 
1000481 1000480 1000479 1000478 1000477 1000476 
1000475 1000474 1000473 1000472 1000471 1000470 
1000469 1000468 1000467 1000466 1000465 1000464 
1000463 1000462 1000461 1000460 1000459 1000458 
1000457 1000456 1000455 1000454 1000453 1000452 
1000451 1000450 1000449 1000448 1000447 1000446 
1000445 1000444 1000443 1000442 1000441 1000440 
1000439 1000438 1000437 1000436 1000435 1000434 
1000433 1000432 1000431 1000430 1000429 1000428 
1000427 1000426 1000425 1000424 1000423 1000422 
1000421 1000420 1000419 1000418 1000417 1000416 
1000415 1000414 1000413 1000412 1000411 1000410 
1000409 1000408 1000407 1000406 1000405 1000404 
1000403 1000402 1000401 1000400 1000399 1000398 
1000397 1000396 1000395 1000394 1000393 1000392 
1000391 1000390 1000389 1000388 1000387 1000386 
1000385 1000384 1000383 1000382 1000381 1000380 
1000379 1000378 1000377 1000376 1000375 1000374 
1000373 1000372 1000371 1000370 1000369 1000368 
1000367 1000366 1000365 1000364 1000363 1000362 
1000361 1000360 1000359 1000358 1000357 1000356 
1000355 1000354 1000353 1000352 1000351 1000350 
1000349 1000348 1000347 1000346 1000345 1000344 
1000343 1000342 1000341 1000340 1000339 1000338 
1000337 1000336 1000335 1000334 1000333 1000332 
1000331 1000330 1000329 1000328 1000327 1000326 
1000325 1000324 1000323 1000322 1000321 1000320 
1000319 1000318 1000317 1000316 1000315 1000314 
1000313 1000312 1000311 1000310 1000309 1000308 
1000307 1000306 1000305 1000304 1000303 1000302 
1000301 1000300 1000299 1000298 1000297 1000296 
1000295 1000294 1000293 1000292 1000291 1000290 
1000289 1000288 1000287 1000286 1000285 1000284 
1000283 1000282 1000281 1000280 1000279 1000278 
1000277 1000276 1000275 1000274 1000273 1000272 
1000271 1000270 1000269 1000268 1000267 1000266 
1000265 1000264 1000263 1000262 1000261 1000260 
1000259 1000258 1000257 1000256 1000255 1000254 
1000253 1000252 1000251 1000250 1000249 1000248 
1000247 1000246 1000245 1000244 1000243 1000242 
1000241 1000240 1000239 1000238 1000237 1000236 
1000235 1000234 1000233 1000232 1000231 1000230 
1000229 1000228 1000227 1000226 1000225 1000224 
1000223 1000222 1000221 1000220 1000219 1000218 
1000217 1000216 1000215 1000214 1000213 1000212 
1000211 1000210 1000209 1000208 1000207 1000206 
1000205 1000204 1000203 1000202 1000201 1000200 
1000199 1000198 1000197 1000196 1000195 1000194 
1000193 1000192 1000191 1000190 1000189 1000188 
1000187 1000186 1000185 1000184 1000183 1000182 
1000181 1000180 1000179 1000178 1000177 1000176 
1000175 1000174 1000173 1000172 1000171 1000170 
1000169 1000168 1000167 1000166 1000165 1000164 
1000163 1000162 1000161 1000160 1000159 1000158 
1000157 1000156 1000155 1000154 1000153 1000152 
1000151 1000150 1000149 1000148 1000147 1000146 
1000145 1000144 1000143 1000142 1000141 1000140 
1000139 1000138 1000137 1000136 1000135 1000134 
1000133 1000132 1000131 1000130 1000129 1000128 
1000127 1000126 1000125 1000124 1000123 1000122 
1000121 1000120 1000119 1000118 1000117 1000116 
1000115 1000114 1000113 1000112 1000111 1000110 
1000109 1000108 1000107 1000106 1000105 1000104 
1000103 1000102 1000101 1000100 1000099 1000098 
1000097 1000096 1000095 1000094 1000093 1000092 
1000091 1000090 1000089 1000088 1000087 1000086 
1000085 1000084 1000083 1000082 1000081 1000080 
1000079 1000078 1000077 1000076 1000075 1000074 
1000073 1000072 1000071 1000070 1000069 1000068 
1000067 1000066 1000065 1000064 1000063 1000062 
1000061 1000060 1000059 1000058 1000057 1000056 
1000055 1000054 1000053 1000052 1000051 1000050 
1000049 1000048 1000047 1000046 1000045 1000044 
1000043 1000042 1000041 1000040 1000039 1000038 
1000037 1000036 1000035 1000034 1000033 1000032 
1000031 1000030 1000029 1000028 1000027 1000026 
1000025 1000024 1000023 1000022 1000021 1000020 
1000019 1000018 1000017 1000016 1000015 1000014 
1000013 1000012 1000011 1000010 1000009 1000008 
1000007 1000006 1000005